0 2
15
341 386
351 406
380 423
381 429
808 858
848 881
1238 1337
1258 1355
1242 1356
1250 1357
1088 1587
1529 1659
1325 2030
1831 2284
1807 2317
0 3
13
391 248
408 261
808 532
833 559
860 563
866 570
1078 747
1223 854
1235 856
1246 860
1229 869
1264 881
1833 1497
0 4
51
336 281
365 315
380 331
381 333
386 339
390 353
757 588
768 594
767 600
781 607
776 611
790 619
798 626
805 631
825 648
826 651
832 658
842 665
837 666
841 674
852 678
851 686
862 701
1195 952
1220 973
1234 981
1238 985
1242 987
1241 991
1246 992
1244 993
1247 994
1252 1000
1252 1001
1258 1006
1515 1237
1516 1238
1517 1241
1520 1247
1524 1253
1525 1256
1526 1259
1534 1261
1529 1262
1532 1263
1823 1472
1826 1474
1829 1481
1833 1482
1992 1597
2139 1707
0 5
30
271 9
281 12
335 13
325 14
320 18
351 27
360 29
371 34
384 39
692 114
785 172
380 235
408 264
1233 551
808 568
1139 833
1497 845
1512 853
1151 865
1529 879
1508 1000
1825 1073
1604 1177
1756 1303
1805 1360
1959 1461
2153 1607
2155 1608
2157 1610
2164 1618
0 6
34
299 164
308 166
294 183
26 186
38 233
46 252
37 265
1078 428
717 495
710 500
732 505
733 523
763 526
790 539
798 554
851 622
351 634
386 660
1078 851
1170 915
1177 926
1195 937
839 1010
866 1035
993 1151
1502 1227
1506 1232
1529 1268
1404 1293
1328 1419
1340 1436
1604 1611
1621 1623
2046 1921
0 7
19
47 244
48 248
826 628
851 642
408 716
1078 911
1234 997
1228 998
1241 1004
1244 1006
1258 1025
866 1056
1078 1201
1509 1268
1529 1300
1078 1515
1395 1532
1807 1665
1978 1875
0 27
15
26 64
327 287
344 288
342 291
349 293
785 637
805 647
788 653
798 654
837 663
851 673
1213 963
1234 968
1244 975
1506 1249
0 32
25
336 395
380 455
381 458
386 467
768 870
786 886
785 888
790 894
842 942
851 957
1195 1302
1212 1318
1220 1326
1227 1332
1234 1336
1242 1344
1246 1345
1264 1365
1509 1612
1513 1613
1517 1621
1525 1634
1529 1639
1534 1641
1823 1909
0 33
31
271 39
347 83
360 142
385 180
778 1016
1135 1490
1128 1493
1139 1517
1209 1530
1506 1772
1522 1774
1473 1884
1534 1887
1599 2031
1756 2195
1781 2221
1803 2243
1807 2252
1805 2254
1809 2257
1961 2408
1977 2428
1979 2430
2113 2567
2150 2591
2151 2594
2154 2595
2155 2598
2157 2601
2242 2677
2307 2734
0 34
15
362 26
271 50
384 75
371 79
360 86
785 223
808 760
1151 1236
1469 1569
1459 1572
1468 1580
1807 1836
1802 1849
1967 2015
2157 2156
0 35
12
297 352
311 377
278 388
294 394
291 403
746 892
733 901
729 903
734 933
707 939
724 950
1177 1311
0 36
18
748 311
769 313
768 318
790 345
1186 697
1220 727
1234 745
1242 751
1534 1279
1791 1333
1807 1351
1807 1353
1978 1688
2155 1828
2162 1835
2164 1838
2227 2009
2320 2068
0 56
14
808 292
1218 585
1220 590
1234 605
1516 973
1525 988
1529 991
1469 993
1534 997
1823 1240
1807 1272
1978 1688
2164 1869
2227 2135
0 62
15
350 54
371 57
360 60
386 65
383 66
391 68
408 88
781 264
782 320
1218 645
1234 648
1228 651
1230 656
1255 667
1516 1050
0 63
46
278 262
305 269
290 271
297 287
308 291
300 300
327 315
380 320
386 321
344 327
347 328
342 329
349 333
356 339
377 348
733 655
741 667
739 673
771 691
767 697
786 699
781 700
775 701
785 707
788 715
805 720
798 722
806 726
811 729
856 740
820 750
1151 980
1195 1046
1199 1052
1209 1061
1218 1062
1242 1064
1220 1073
1234 1084
1255 1106
1494 1359
1497 1361
1805 1530
1807 1538
1827 1575
2227 1861
0 64
77
344 144
311 159
362 164
315 167
326 171
323 174
329 178
354 203
353 206
351 207
371 218
234 228
386 231
382 234
763 377
729 457
762 460
733 477
778 481
768 498
781 500
645 511
805 516
791 525
774 546
782 551
653 558
792 564
796 572
648 575
808 586
659 615
843 622
1116 866
1135 882
1220 909
1205 917
1234 919
1140 923
1139 940
1236 958
1144 964
1147 965
1146 968
1506 1119
1446 1181
1502 1189
1453 1197
1459 1200
1501 1201
1464 1239
1469 1241
1473 1246
1761 1458
1778 1469
1780 1471
1776 1473
1774 1475
1781 1483
1788 1492
1816 1494
1793 1497
1807 1522
1809 1523
1930 1622
1937 1628
1932 1630
1944 1640
1950 1646
1961 1648
1975 1670
1979 1675
2150 1785
2153 1790
2155 1791
2158 1794
2232 1863
0 65
14
299 304
275 328
329 383
302 396
350 400
746 883
770 891
733 894
782 954
808 957
727 959
737 968
1175 1429
1177 1432
0 66
11
304 397
278 414
275 430
294 459
291 466
733 900
723 904
707 923
712 941
727 961
1177 1351
0 67
18
350 497
329 516
326 521
319 553
312 561
291 566
297 572
300 583
764 1110
746 1119
741 1122
733 1128
748 1129
739 1133
729 1140
1191 1490
1195 1495
1177 1505
0 69
16
291 448
305 451
347 505
349 514
342 520
327 525
733 933
786 944
805 965
806 974
788 985
1202 1307
1195 1321
692 1355
1499 1635
1509 1656
0 70
81
22 139
27 140
26 141
280 382
275 392
282 393
290 400
308 429
297 431
312 449
333 460
328 463
324 473
316 474
364 476
310 479
336 482
347 484
327 485
344 486
335 488
342 491
349 492
390 516
713 885
707 887
723 890
733 892
752 897
746 898
729 903
741 905
768 912
757 915
732 918
791 923
748 933
764 934
763 940
771 945
786 949
758 951
802 953
781 956
775 966
767 968
810 969
785 977
789 981
778 984
801 985
788 987
798 992
811 993
806 994
829 999
820 1013
851 1021
1177 1344
1195 1356
1190 1358
1199 1363
1183 1364
1194 1365
1218 1374
1186 1376
1203 1379
1209 1381
1213 1387
1220 1390
1234 1393
1244 1401
1227 1403
1492 1738
1488 1741
1497 1743
1486 1746
1494 1747
1498 1753
1506 1759
1509 1762
0 72
21
26 62
310 357
347 358
344 362
327 364
335 365
349 367
342 368
775 769
785 773
789 779
788 784
811 785
798 786
829 792
837 794
1213 1148
1220 1149
1234 1153
1224 1158
1509 1458
0 73
28
327 220
733 479
739 501
775 539
785 545
826 547
805 549
801 552
811 555
798 557
806 558
1151 766
1195 823
1199 835
1194 837
1203 850
1209 851
1213 855
1215 856
1220 858
1234 862
1473 1091
1488 1162
1497 1163
1494 1165
1506 1173
1509 1174
1809 1324
0 74
32
371 535
367 551
284 559
311 568
320 570
326 574
261 575
294 579
354 580
329 583
315 585
341 590
302 596
350 597
360 599
353 606
358 612
351 615
773 1110
703 1112
734 1121
808 1126
782 1128
769 1129
685 1130
755 1135
796 1136
816 1162
1205 1615
1185 1620
1151 1783
1975 2721
0 75
94
26 3
37 47
327 243
333 275
319 277
313 290
297 300
325 312
317 317
299 329
278 344
371 352
386 353
292 372
270 376
320 378
326 379
354 381
271 382
337 384
346 386
329 387
294 388
341 392
291 393
360 394
350 396
323 397
353 401
351 405
19 408
352 422
820 716
821 728
837 731
829 732
811 741
778 744
805 748
775 759
810 764
797 767
781 768
758 770
786 774
802 775
771 776
748 785
764 789
739 802
757 806
791 807
768 813
692 818
746 826
752 829
770 831
733 836
707 845
694 849
718 856
825 857
712 862
808 881
803 883
697 885
782 886
734 887
769 889
727 892
724 899
816 905
822 910
1234 1274
1218 1299
1199 1306
1190 1314
1195 1320
1175 1334
1170 1336
1202 1337
1177 1340
1191 1355
1236 1357
1185 1367
1200 1371
1169 1373
1136 1518
1494 1671
1497 1678
1492 1692
1499 1706
1457 1888
1821 2038
0 81
21
305 432
299 462
308 480
364 495
347 528
27 531
344 535
26 536
349 540
327 542
342 544
769 860
753 887
770 917
763 972
692 1360
1220 1394
1473 1654
1499 1737
1809 1928
1976 2106
0 83
82
22 28
342 245
349 246
356 247
327 249
26 253
347 257
336 258
310 259
316 265
333 282
319 285
312 287
313 302
299 339
380 355
320 389
326 390
350 398
294 400
323 403
291 404
302 407
351 415
19 420
232 618
500 663
820 766
790 795
798 800
788 804
789 811
805 812
767 821
819 825
781 836
786 839
802 841
771 842
763 844
748 856
702 866
692 892
741 895
733 915
707 933
803 968
724 996
1044 1206
619 1252
609 1319
981 1321
975 1322
599 1328
1239 1397
1222 1404
1234 1407
1213 1415
1209 1424
1203 1426
1228 1427
1218 1434
1167 1453
1242 1494
1205 1514
1200 1527
1125 1670
1140 1672
1340 1717
1323 1745
1494 1849
1482 1864
1499 1893
1473 2043
1452 2059
1660 2064
1921 2403
1983 2480
2055 2597
1756 2636
2227 2639
2273 2794
1 13
20
160 61
242 87
489 255
1056 786
1122 865
1125 882
1337 1133
1356 1155
1384 1199
1393 1206
1515 1358
1525 1375
1657 1557
1657 1559
1674 1595
1681 1604
1700 1621
1695 1625
1639 1657
1782 1760
2 3
22
12 4
338 191
348 197
352 198
362 203
372 211
433 241
811 500
824 510
829 517
858 532
996 616
1590 867
1376 878
1417 910
1460 945
1722 1145
1724 1146
2288 1488
2283 1493
2319 1525
2318 1526
2 6
11
38 243
47 252
445 289
70 290
469 307
471 309
478 315
937 704
1379 1040
1383 1044
1590 1293
2 7
30
4 148
10 176
14 189
15 203
400 235
42 236
51 242
70 290
75 302
464 303
469 306
316 548
338 583
899 677
995 774
1319 1012
1326 1015
1414 1105
1416 1110
1528 1199
1306 1261
2284 1625
2317 1665
2280 1795
2698 1983
2688 1984
2518 2050
2814 2072
3035 2295
3041 2309
2 10
46
35 19
39 21
37 24
40 28
47 33
50 35
59 43
391 262
400 265
406 274
416 275
422 283
423 284
425 287
427 288
428 291
433 296
460 329
469 334
475 340
314 342
478 347
841 679
852 684
858 688
870 697
892 717
900 723
920 748
925 749
1341 1135
1350 1142
1355 1145
1356 1147
1370 1157
1372 1166
1377 1169
1379 1170
1382 1171
1659 1435
1660 1438
1668 1443
1698 1464
2279 1989
2284 1993
2317 2042
2 11
22
471 313
479 314
858 671
911 696
922 707
932 709
941 717
999 759
1339 1078
1345 1080
1351 1084
1356 1087
1379 1100
1383 1103
1414 1140
1662 1360
1697 1374
1698 1375
1703 1378
2287 1834
2548 2047
2552 2049
2 31
31
10 35
13 43
433 128
434 129
445 139
469 154
471 155
316 372
372 437
992 560
806 812
824 830
841 846
856 861
1693 1573
1659 1575
1707 1600
1722 1629
2218 1942
2286 1995
2283 1996
2298 2011
2300 2012
2318 2052
2545 2231
2549 2236
2816 2410
2903 2449
2908 2453
3041 2506
3055 2539
2 56
23
885 308
912 327
1326 523
1361 528
1394 553
834 609
1337 615
1352 621
1356 624
1351 626
1414 643
1417 650
1699 937
1667 990
1720 1003
2317 1272
2363 1394
2771 1742
2796 1748
2993 1955
3087 2079
3097 2087
3131 2093
2 62
21
839 288
861 293
856 295
844 296
885 347
892 350
912 367
918 377
838 577
1343 667
1350 693
1351 696
1697 1091
2218 1216
2317 1451
2283 1912
2852 1993
2872 2018
2868 2024
2994 2197
3174 2415
2 83
16
423 355
433 363
429 369
434 371
400 388
406 415
885 904
882 923
875 931
892 937
870 941
348 950
1337 1466
1356 1494
1345 1502
1660 1902
3 5
27
230 27
248 44
266 46
211 196
218 205
210 208
227 214
228 215
232 216
236 235
239 240
517 541
513 550
521 554
536 577
543 595
843 860
860 887
1087 1083
1096 1096
1101 1097
1067 1310
1518 1350
1523 1357
1717 1476
1683 1481
2043 1676
3 6
26
2 520
211 590
218 612
230 634
236 648
239 655
241 660
510 970
517 975
532 997
536 1002
543 1010
548 1013
849 1276
860 1285
867 1293
910 1310
1129 1516
1096 1546
1106 1549
1107 1554
1146 1565
1523 1727
1919 1827
1683 1887
1963 1962
3 7
39
236 668
239 675
241 679
261 716
750 891
474 959
490 972
495 976
516 997
515 999
523 1005
527 1014
543 1029
550 1036
552 1039
827 1261
834 1273
838 1281
841 1285
844 1289
856 1311
860 1316
1000 1495
1077 1598
1087 1607
1089 1613
1096 1621
1101 1622
1102 1624
1107 1630
1109 1633
1117 1637
1329 1733
1479 1831
1486 1837
1497 1845
1683 2132
1957 2243
2010 2313
3 12
22
228 134
254 154
261 159
266 161
559 472
570 481
576 482
579 483
583 484
613 510
854 820
860 822
865 824
875 831
881 833
885 834
1117 1056
1489 1452
1497 1453
1505 1460
1905 1851
2111 2074
3 30
73
581 536
610 539
609 542
613 544
616 547
874 823
907 824
903 827
905 831
1010 963
1028 968
1378 987
1129 1065
1123 1066
1126 1073
1130 1074
1139 1076
1132 1080
1138 1088
1145 1100
1144 1102
1146 1105
1413 1199
1416 1204
1370 1331
1452 1360
1449 1365
1495 1373
1492 1378
1502 1380
1510 1383
1512 1386
1504 1389
1509 1392
1511 1393
1523 1394
1516 1400
1520 1403
1525 1405
1593 1458
1603 1499
1616 1503
1622 1507
1872 1527
1677 1555
1686 1557
1689 1564
1705 1571
1704 1577
1717 1580
1706 1581
1719 1583
1710 1584
1830 1714
1850 1732
1859 1747
1873 1760
1881 1762
1886 1763
1911 1771
1918 1778
1964 1795
1941 1801
1954 1805
2028 1867
1991 1869
1996 1880
2030 1902
2032 1909
2132 1995
2090 2006
2105 2009
2111 2018
3 31
23
13 114
194 403
550 902
552 905
560 914
570 940
576 949
849 1281
860 1290
865 1296
881 1311
910 1338
1083 1546
1096 1574
1117 1597
1145 1629
1450 1976
1466 2008
1487 2028
1497 2037
1876 2367
1953 2453
2043 2539
3 62
34
186 16
227 54
230 61
241 65
246 67
248 68
261 88
792 524
483 627
736 961
1027 997
821 1037
813 1081
1393 1214
1010 1262
1378 1279
1063 1362
1067 1367
1451 1883
1452 1885
1449 1886
1455 1887
1472 1900
1493 1912
1504 1916
1880 1984
1826 2020
1666 2110
1667 2115
1851 2157
2004 2242
2005 2323
2114 2426
2102 2435
3 64
12
230 207
239 226
241 231
536 591
550 610
560 622
836 920
854 951
860 957
865 960
1096 1225
1109 1235
4 7
11
34 203
353 227
358 228
595 586
686 642
955 978
981 997
993 1006
816 1190
1256 1285
1261 1298
4 31
44
230 25
214 27
246 30
36 34
54 43
69 82
68 92
84 107
110 118
348 124
112 134
114 138
118 140
119 145
133 154
240 375
300 469
333 497
379 542
194 586
651 849
638 856
668 914
705 940
717 949
720 957
994 1291
987 1296
936 1331
1165 1531
1225 1543
1232 1546
1231 1547
1172 1556
1190 1607
1198 1624
1203 1626
1425 1996
1457 2051
1454 2052
1564 2227
1579 2259
1712 2450
1806 2598
4 32
466
2 7
6 13
9 17
14 21
17 24
30 33
32 36
33 37
36 40
45 47
52 49
53 50
55 51
59 53
66 61
69 65
68 66
71 69
81 70
84 76
85 77
86 78
90 80
92 83
91 86
97 87
96 88
99 89
100 90
102 92
104 93
108 95
109 98
110 100
111 101
117 107
118 109
119 110
120 111
130 117
133 121
203 305
205 308
207 310
211 314
212 316
216 318
218 319
215 320
219 322
224 326
221 327
225 330
226 331
223 333
227 335
228 337
230 340
229 342
232 348
233 349
234 350
236 351
238 352
235 353
240 355
242 357
243 359
241 360
244 361
247 362
248 365
255 367
253 369
256 370
251 371
262 374
265 377
263 379
267 381
264 382
273 386
271 387
269 388
275 391
274 392
281 395
278 396
283 401
285 402
288 404
292 407
297 410
302 418
303 423
307 424
308 426
312 429
311 431
314 432
315 438
317 440
325 443
321 444
328 451
331 455
333 458
335 459
336 462
340 465
342 466
339 467
343 470
353 478
356 479
354 481
355 487
364 491
366 494
379 508
380 510
438 634
439 635
477 682
513 723
533 776
551 806
555 814
558 819
559 820
562 822
563 823
560 824
552 826
566 827
564 828
569 830
567 831
570 834
572 837
573 840
574 842
578 848
577 849
576 850
581 851
579 852
582 853
585 857
587 858
586 860
583 861
588 862
590 864
591 866
597 867
592 869
594 870
595 871
593 872
600 874
601 875
602 876
598 877
605 881
611 882
608 883
607 884
612 886
614 888
606 889
617 893
619 894
620 897
621 898
627 900
629 902
635 911
636 912
641 915
639 917
642 918
646 919
648 925
651 927
653 928
654 929
659 931
657 933
658 934
663 935
662 936
666 939
665 942
673 943
668 944
672 948
679 951
678 954
685 955
686 957
683 959
688 960
707 976
715 981
716 986
717 987
720 994
782 1089
799 1103
800 1104
801 1106
807 1111
831 1143
833 1148
913 1252
918 1259
921 1263
928 1270
930 1278
934 1283
940 1285
941 1286
936 1287
944 1290
945 1292
949 1295
950 1297
951 1299
952 1302
953 1303
954 1305
955 1306
957 1307
959 1309
960 1311
961 1312
963 1314
965 1317
969 1321
971 1323
973 1326
974 1327
976 1328
977 1333
980 1335
981 1336
985 1339
983 1340
987 1344
992 1345
993 1346
994 1347
996 1351
1003 1359
1014 1365
1017 1368
1060 1426
1061 1427
1069 1433
1071 1435
1084 1450
1094 1467
1097 1470
1142 1515
1143 1516
1147 1520
1149 1521
1154 1527
1155 1528
1156 1529
1161 1538
1162 1539
1169 1548
1172 1551
1174 1553
1175 1554
1177 1556
1180 1560
1181 1562
1182 1563
1184 1565
1185 1566
1186 1567
1187 1568
1191 1573
1196 1578
1195 1579
1201 1581
1199 1583
1207 1586
1211 1588
1204 1592
1208 1594
1214 1595
1218 1596
1217 1597
1215 1598
1221 1601
1222 1602
1225 1605
1228 1607
1231 1608
1229 1610
1234 1613
1233 1614
1235 1617
1238 1618
1236 1619
1241 1621
1247 1624
1244 1625
1246 1626
1248 1627
1251 1630
1252 1632
1256 1634
1258 1637
1261 1641
1265 1647
1270 1654
1294 1692
1303 1714
1311 1729
1318 1736
1322 1740
1334 1760
1341 1767
1360 1794
1361 1798
1365 1800
1365 1803
1409 1844
1410 1845
1411 1846
1413 1848
1414 1849
1417 1852
1419 1855
1421 1856
1422 1858
1423 1859
1424 1860
1426 1861
1425 1862
1427 1863
1428 1864
1429 1865
1431 1867
1430 1868
1433 1870
1434 1871
1436 1873
1438 1875
1439 1876
1440 1877
1442 1878
1444 1880
1445 1881
1447 1882
1448 1883
1453 1888
1455 1891
1456 1892
1459 1893
1457 1895
1462 1896
1458 1898
1461 1899
1466 1902
1467 1903
1468 1906
1469 1907
1472 1909
1474 1913
1475 1914
1478 1916
1479 1917
1480 1918
1486 1930
1495 1941
1502 1948
1503 1949
1506 1955
1520 1975
1528 1982
1552 2005
1553 2006
1554 2007
1557 2010
1558 2012
1560 2014
1561 2015
1562 2016
1563 2017
1564 2018
1565 2019
1567 2020
1566 2021
1568 2022
1569 2023
1570 2025
1571 2026
1573 2027
1576 2030
1577 2032
1580 2033
1578 2034
1579 2035
1583 2038
1587 2041
1586 2042
1589 2045
1592 2047
1591 2048
1594 2049
1595 2050
1617 2073
1624 2086
1633 2096
1637 2098
1642 2102
1641 2104
1656 2118
1660 2121
1686 2140
1687 2141
1689 2142
1697 2151
1700 2154
1708 2167
1709 2168
1711 2170
1712 2171
1713 2172
1714 2173
1715 2174
1716 2175
1717 2176
1719 2178
1724 2183
1731 2189
1735 2193
1737 2198
1741 2200
1743 2203
1744 2205
1746 2206
1756 2217
1760 2220
1761 2221
1762 2223
1775 2235
1776 2236
1786 2245
1792 2254
1796 2259
1800 2262
1799 2264
1801 2265
1803 2269
1807 2273
1806 2274
1811 2276
1814 2279
1819 2284
4 33
58
14 39
36 67
45 72
54 80
52 83
341 180
348 185
112 197
379 225
211 455
225 474
17 477
255 478
240 479
234 489
262 503
229 504
253 507
285 508
263 517
292 519
293 538
269 548
512 564
541 943
578 998
585 999
600 1009
588 1010
603 1018
576 1023
619 1026
614 1027
595 1030
593 1041
636 1043
627 1047
663 1066
666 1076
908 1477
928 1492
959 1521
960 1524
973 1536
981 1548
942 1556
1187 1825
1185 1835
1208 1884
1453 2243
1457 2252
1455 2254
1461 2257
1508 2312
1576 2412
1578 2428
1639 2537
1719 2603
4 36
41
203 7
201 9
220 17
244 28
248 34
249 35
255 38
263 41
288 49
297 51
321 69
513 82
345 93
551 278
563 290
573 301
585 311
591 316
620 343
617 344
636 358
653 378
685 413
694 426
952 698
1182 1062
1124 1089
972 1110
1265 1144
1261 1279
1472 1382
1479 1397
1311 1470
1580 1693
1687 1789
1729 1852
1635 1885
1694 1939
1824 2007
1791 2026
1806 2044
4 56
44
283 29
513 53
336 74
569 232
578 237
579 238
588 242
590 244
576 245
591 246
608 258
607 259
619 267
620 268
636 278
634 279
645 293
685 312
686 315
651 503
923 544
952 564
955 571
963 577
969 587
973 590
981 605
1003 639
943 650
1169 924
1182 939
1218 955
1234 966
1238 973
1241 975
1261 997
1204 1006
1222 1161
1472 1240
1481 1261
1587 1672
1595 1682
1576 1856
1694 2034
4 57
27
230 45
263 69
249 71
339 110
317 111
310 119
340 129
533 233
219 309
908 582
691 640
934 641
587 753
663 817
1094 873
848 908
1155 965
1124 1075
1003 1130
1261 1193
1161 1221
1458 1487
1550 1565
1641 1637
1740 1707
1772 1728
1830 1766
4 63
18
453 223
45 325
307 339
816 591
636 729
928 950
942 979
987 1064
992 1071
984 1082
981 1084
1182 1267
1261 1396
1457 1538
1461 1540
1563 1654
1719 1799
1778 1866
4 70
14
307 493
645 972
614 977
617 987
626 992
654 1014
686 1021
685 1026
981 1393
993 1401
1254 1776
1453 1930
1457 1931
1579 2095
4 71
33
17 35
36 76
263 77
336 100
339 106
45 111
54 122
211 288
225 298
230 305
234 311
256 320
255 349
285 374
370 433
569 722
592 752
587 762
617 783
619 787
636 794
663 820
654 821
686 833
688 844
959 1122
973 1128
981 1137
991 1141
1003 1157
1261 1214
1256 1404
1806 1828
5 6
262
121 489
128 499
129 500
125 501
132 506
131 507
137 509
147 511
133 513
149 514
143 515
140 522
146 523
154 525
150 528
157 529
155 530
163 531
165 536
153 537
166 543
156 544
174 546
162 547
169 556
168 558
179 559
182 564
191 575
200 578
198 581
188 584
196 590
207 592
203 601
205 612
206 616
214 624
215 626
219 633
216 635
224 637
236 644
235 648
239 651
232 652
240 655
258 679
269 704
407 888
406 889
444 911
462 912
473 915
477 917
483 920
488 924
486 926
484 927
490 928
493 931
489 932
498 935
504 937
514 938
506 939
517 942
523 944
518 946
527 947
528 948
512 949
516 950
507 951
526 952
530 954
522 955
520 956
537 960
538 962
529 963
543 965
540 966
535 967
539 969
532 970
546 971
536 972
549 973
541 975
545 977
555 980
560 981
564 982
554 984
570 985
562 991
559 992
581 996
568 997
582 999
577 1002
574 1003
573 1005
583 1007
595 1010
597 1011
594 1012
602 1017
606 1020
513 1023
603 1025
610 1027
558 1032
548 1034
622 1040
569 1042
624 1043
623 1044
632 1045
748 1120
742 1143
773 1145
780 1155
783 1159
782 1160
551 1172
815 1208
816 1210
832 1213
834 1215
835 1216
838 1222
840 1223
842 1226
844 1227
843 1228
845 1229
824 1230
850 1232
849 1233
847 1234
854 1239
859 1248
862 1249
863 1251
860 1253
869 1257
866 1258
864 1262
831 1263
861 1265
880 1267
879 1268
833 1271
881 1272
877 1274
877 1276
871 1277
882 1281
846 1291
890 1295
856 1298
865 1305
896 1313
948 1410
976 1414
952 1419
965 1436
1032 1503
1040 1506
1051 1509
1058 1510
1067 1517
1068 1519
1074 1522
1075 1525
1081 1530
1083 1531
1090 1534
1080 1535
1088 1538
1093 1539
1091 1541
1089 1542
1052 1543
1102 1545
1096 1546
1085 1547
1103 1548
1099 1549
1108 1550
1100 1551
1057 1553
1106 1554
1069 1557
1110 1559
1082 1561
1086 1563
1094 1565
1198 1598
1210 1605
1211 1607
1215 1612
1197 1613
1231 1618
1187 1619
1253 1625
1269 1630
1265 1638
1166 1652
1329 1682
1334 1687
1346 1689
1349 1697
1352 1698
1354 1700
1353 1701
1338 1703
1358 1704
1362 1706
1356 1708
1363 1711
1359 1713
1342 1714
1368 1716
1343 1717
1350 1720
1366 1721
1370 1723
1357 1727
1371 1730
1361 1731
1360 1732
1378 1748
1413 1793
1417 1799
1441 1802
1411 1811
1429 1828
1461 1877
1474 1882
1475 1884
1479 1885
1481 1887
1485 1890
1477 1892
1538 1897
1503 1903
1543 1913
1564 1916
1572 1922
1584 1925
1578 1928
1587 1932
1605 1950
1613 1954
1617 1956
1621 1960
1635 1988
1645 1995
1650 2004
5 7
35
200 608
205 638
214 649
215 650
219 653
224 661
235 668
240 675
254 693
527 974
577 1024
588 1026
595 1029
594 1036
602 1039
604 1041
773 1213
862 1274
859 1275
874 1293
881 1298
887 1316
894 1340
1083 1607
1093 1616
1096 1621
1097 1622
1103 1625
1099 1626
1106 1630
1110 1637
1253 1762
1370 1845
1350 1870
1481 2132
5 31
27
141 24
15 35
44 139
196 437
203 445
205 454
209 457
214 466
215 469
235 489
526 815
533 822
553 838
555 841
564 847
563 849
595 897
602 905
854 1253
859 1258
856 1331
1001 1476
1091 1568
1097 1576
1110 1597
1476 2258
1676 2539
5 33
40
9 39
18 89
34 160
133 471
145 479
153 495
162 504
196 548
205 563
221 574
214 575
235 606
240 612
516 1023
522 1028
520 1029
526 1030
536 1046
553 1055
563 1069
594 1112
602 1119
833 1517
849 1531
859 1544
850 1772
1046 1831
1055 1841
1061 1846
1075 1859
1076 1862
1083 1870
1086 1884
1096 1886
1097 1888
1099 1892
1360 2254
1477 2428
1608 2598
1676 2677
5 34
106
14 36
9 50
37 72
18 74
34 79
35 84
29 86
44 88
147 199
163 204
182 220
179 221
145 227
191 229
183 230
207 238
155 244
137 251
128 252
166 256
150 257
146 259
132 260
159 263
173 269
136 275
131 276
144 281
133 288
169 293
168 299
153 300
162 301
156 308
175 312
180 315
188 317
239 323
170 324
196 325
235 327
205 333
243 335
215 338
214 342
219 347
537 641
527 650
540 653
538 656
528 657
493 661
566 663
490 665
525 667
517 668
506 670
560 671
488 673
533 678
504 679
486 688
539 689
498 690
563 692
553 695
550 700
487 706
480 707
474 708
555 712
491 713
489 717
522 722
520 727
529 740
507 742
532 743
589 746
599 749
545 750
541 753
602 759
568 760
577 766
583 778
603 795
843 1127
840 1129
854 1130
845 1134
842 1140
849 1146
859 1147
875 1165
815 1267
1067 1459
1075 1461
1099 1473
1173 1761
1346 1771
1348 1776
1354 1777
1551 1953
1551 2111
1676 2215
5 58
16
146 625
150 628
137 631
155 638
183 653
191 659
182 666
163 677
526 900
498 909
504 914
506 919
490 922
538 935
527 939
854 1212
5 62
22
183 20
191 24
192 45
214 54
44 68
235 344
561 577
602 704
618 737
513 770
887 1073
894 1091
816 1105
833 1112
856 1113
952 1272
1264 1714
1165 1800
1537 2320
1656 2404
1676 2448
1711 2516
5 64
114
147 108
148 113
163 123
157 127
165 130
174 135
166 137
16 140
183 153
170 156
191 157
175 160
200 164
198 166
180 167
185 168
188 171
207 173
190 174
196 178
208 180
203 187
205 192
215 203
235 222
243 231
493 466
489 478
527 495
525 500
526 508
533 519
538 524
529 526
549 533
546 534
532 536
560 545
541 546
555 549
563 554
469 558
562 579
568 586
588 596
595 605
597 606
602 612
742 812
795 846
813 866
816 878
823 882
843 895
842 899
845 900
854 909
859 920
863 921
864 936
833 940
846 964
865 967
952 1072
965 1093
850 1119
1014 1139
1016 1142
1024 1153
1031 1165
1038 1181
1068 1192
1075 1198
1096 1225
1104 1236
1082 1243
1077 1244
1078 1245
1086 1246
1094 1251
1199 1392
1301 1450
1303 1451
1305 1453
1311 1462
1316 1463
1317 1465
1330 1478
1333 1482
1329 1483
1331 1485
1357 1522
1413 1560
1441 1619
1457 1646
1464 1664
1477 1676
1503 1708
1510 1715
1526 1718
1568 1721
1530 1723
1566 1724
1551 1749
1558 1754
1604 1789
1607 1790
1608 1791
1612 1794
1626 1817
1643 1828
1667 1895
1718 1900
1711 1908
5 75
20
14 312
29 394
27 405
99 666
527 746
114 818
565 1112
486 1340
469 1533
813 1932
816 1999
1037 2131
1024 2176
1359 2277
1327 2373
1308 2442
1448 2519
1443 2525
1728 2542
1610 2607
5 81
31
215 418
18 422
146 918
137 920
159 921
150 924
166 936
155 952
143 957
145 965
165 969
415 981
174 1006
179 1008
163 1016
522 1319
526 1332
486 1335
498 1338
504 1353
490 1356
506 1359
517 1364
525 1374
528 1383
505 1384
527 1393
849 1737
842 1752
845 1758
840 1766
5 83
57
44 367
200 788
163 805
179 809
415 822
198 830
165 842
166 886
114 892
150 902
173 905
146 915
137 918
235 923
132 932
169 950
142 960
168 963
215 967
203 970
205 975
162 976
140 977
180 980
153 985
175 987
566 1397
560 1407
538 1413
527 1415
514 1417
563 1420
525 1432
506 1445
490 1455
504 1459
498 1477
467 1479
526 1481
479 1482
486 1487
478 1491
522 1504
536 1514
489 1526
854 1833
850 1837
863 1843
843 1845
835 1850
845 1857
838 1879
856 2055
1068 2226
1061 2235
1350 2553
1551 2627
6 7
77
211 207
239 233
241 235
249 237
245 239
253 241
247 243
250 246
258 249
259 252
269 261
273 268
275 271
279 274
280 275
278 280
289 285
290 290
303 303
578 608
588 614
597 624
590 629
612 638
624 649
626 650
625 651
633 653
634 656
639 657
640 659
648 668
645 669
654 672
659 674
655 675
660 679
670 693
679 700
698 714
947 974
981 997
980 999
991 1014
1002 1024
1006 1025
1010 1029
1011 1033
1013 1034
1012 1036
1016 1037
1020 1038
1017 1039
1035 1056
1040 1062
1249 1274
1248 1275
1257 1285
1264 1289
1272 1298
1282 1310
1286 1315
1285 1316
1288 1317
1308 1343
1311 1346
1538 1615
1539 1616
1546 1621
1548 1625
1554 1630
1551 1633
1559 1637
1700 1819
1723 1845
1890 2138
1936 2222
6 31
60
290 140
309 155
536 392
543 393
567 416
590 437
601 445
612 454
623 465
624 466
626 469
625 470
639 482
637 483
648 489
946 805
947 813
952 815
962 825
970 830
973 833
975 839
980 841
981 843
982 847
1010 897
1011 899
1017 905
1016 906
1035 940
1198 1223
1229 1244
1233 1247
1239 1253
1248 1258
1281 1286
1308 1312
1294 1319
1302 1333
1304 1335
1487 1502
1527 1547
1508 1556
1507 1559
1512 1573
1559 1597
1562 1627
1565 1633
1675 1996
1682 2012
1684 2018
1719 2047
1727 2051
1870 2231
1873 2236
1877 2243
1891 2260
1950 2451
1952 2455
1962 2467
6 33
45
543 507
567 520
612 563
596 564
624 575
633 587
648 606
701 648
738 684
932 996
946 1024
955 1028
956 1029
952 1030
947 1032
980 1058
981 1061
982 1068
1034 1070
1046 1108
1012 1112
1013 1117
1017 1119
1229 1526
1248 1544
1512 1824
1563 1884
1546 1886
1623 2069
1632 2087
1673 2213
1678 2216
1688 2224
1692 2227
1717 2236
1700 2246
1733 2261
1845 2345
1877 2411
1927 2547
1929 2549
1933 2560
2001 2645
2008 2651
2020 2660
6 34
46
147 50
499 252
581 253
543 256
528 257
549 294
537 300
567 304
584 317
585 326
648 327
601 328
617 334
626 338
624 342
633 347
625 351
634 356
674 387
947 650
966 653
931 661
928 665
982 683
926 688
979 691
967 698
980 712
956 727
963 740
951 742
970 743
975 753
984 754
991 756
997 760
1228 1127
1223 1129
1239 1130
1229 1134
1233 1146
1262 1159
1517 1459
1527 1460
1525 1461
1687 1798
6 58
20
172 300
200 320
198 329
186 330
523 625
528 628
530 638
515 644
575 659
559 663
564 666
703 709
939 919
982 924
948 931
981 932
962 935
947 939
1233 1183
1239 1212
6 62
32
523 11
559 15
542 16
575 24
584 38
589 45
640 57
634 61
660 65
952 276
1233 642
911 758
974 766
998 768
1032 769
1023 770
1285 1073
1243 1110
1271 1112
1302 1114
1303 1117
1502 1412
1504 1413
1528 1440
1543 1444
1553 1450
1563 1453
1682 1916
1688 1918
1790 2066
1877 2140
1891 2144
6 63
15
236 367
267 372
554 722
609 751
622 768
642 772
621 780
982 1082
981 1084
989 1088
985 1100
1006 1110
1249 1385
1272 1396
1539 1583
6 64
61
186 7
511 108
543 137
550 142
564 150
567 159
612 192
617 196
628 198
634 207
640 218
660 231
468 384
911 429
923 439
940 480
942 490
947 495
948 496
946 498
952 508
966 523
971 534
970 536
981 545
975 546
982 552
984 564
991 579
1002 591
1010 605
1017 612
1034 634
1042 646
734 673
1228 895
1231 896
1229 900
1248 920
1262 936
1281 954
1286 956
1285 957
1310 975
1419 1072
1425 1082
1436 1093
1232 1119
1519 1192
1527 1204
1563 1246
1565 1251
1615 1378
1619 1386
1636 1410
1828 1586
1818 1587
1911 1718
1927 1758
1929 1766
2005 1846
6 65
11
184 67
137 328
173 361
147 368
183 376
624 400
634 421
625 423
507 933
991 953
926 1432
6 68
11
624 397
612 401
160 450
145 463
161 469
151 475
972 844
520 888
507 901
937 1258
926 1262
6 69
21
626 421
197 431
183 445
174 448
173 453
160 462
137 490
158 500
186 516
547 886
537 888
520 907
527 910
512 917
523 933
530 943
557 944
529 949
548 951
947 1346
936 1348
6 74
13
232 119
184 130
542 471
640 535
639 551
624 597
967 1027
946 1031
980 1035
997 1126
1504 2544
1494 2549
1873 2885
6 75
26
186 3
164 329
151 340
153 362
145 376
211 379
147 382
183 388
174 393
184 408
530 806
1011 824
523 836
500 837
1010 844
506 847
1167 861
926 1340
950 1355
988 1533
1543 2137
1558 2142
1494 2206
1687 2363
1891 2492
1877 2516
6 81
35
626 418
161 458
164 462
158 489
186 536
204 537
198 540
523 918
528 924
550 937
530 952
515 957
588 958
529 962
517 965
597 967
526 972
511 1007
559 1008
575 1010
564 1014
541 1017
554 1019
926 1335
935 1338
924 1348
937 1353
928 1356
939 1359
942 1364
936 1384
947 1390
947 1393
966 1407
1229 1758
6 83
64
186 253
169 327
164 339
161 348
137 366
193 385
211 390
216 394
239 398
183 400
174 404
184 420
622 753
642 762
607 768
554 800
541 804
559 809
511 815
596 822
530 874
543 886
528 902
534 906
523 915
506 932
499 933
558 963
567 964
626 967
601 970
590 973
624 974
612 975
633 986
966 1404
981 1407
982 1412
947 1415
938 1417
936 1426
939 1445
928 1455
937 1459
935 1477
926 1487
955 1504
950 1513
972 1514
956 1519
997 1520
991 1521
984 1522
977 1524
932 1526
970 1527
1002 1529
1239 1833
1228 1845
1223 1849
1229 1857
1222 1879
1233 1893
1680 2561
7 30
11
1029 460
1026 462
1024 466
1036 469
1613 765
1316 785
1603 1005
1621 1013
1626 1019
2051 1157
2105 1453
7 31
88
154 24
163 27
177 33
176 35
203 50
213 64
290 140
681 401
621 429
638 454
650 469
657 482
675 497
689 506
693 514
764 547
772 586
891 678
906 687
533 763
1043 811
992 830
1005 856
703 875
1029 897
1036 902
1039 905
1056 940
1097 942
1206 1142
1275 1258
1376 1333
1377 1334
1503 1416
1514 1421
1523 1424
1535 1434
1537 1435
1541 1437
1282 1473
1598 1537
1613 1565
1637 1597
1668 1630
1676 1660
1736 1837
1743 1851
1744 1852
1756 1877
1758 1881
1760 1884
1765 1898
1770 1904
1777 1915
1832 2016
1838 2028
1845 2037
1945 2088
1969 2092
1968 2094
2023 2128
2030 2137
2035 2141
2043 2148
2056 2159
2071 2165
2090 2175
2104 2186
1851 2203
2186 2311
2183 2312
2190 2327
2204 2381
2206 2390
2208 2398
2209 2399
2210 2410
2211 2411
2216 2419
2217 2420
2218 2430
2220 2438
2283 2481
2302 2497
2309 2506
2314 2508
2313 2513
2310 2530
7 56
28
649 43
659 65
978 571
987 585
997 605
1283 977
1298 997
1376 1003
1381 1006
1756 1094
1584 1173
1629 1194
1649 1201
1648 1210
1607 1249
1616 1260
1667 1270
1665 1272
1668 1279
2072 1500
1849 1660
1818 1676
1870 1683
2121 1843
2124 1845
2228 1950
2246 2058
2249 2060
7 62
67
659 57
656 61
716 88
710 90
548 247
570 253
543 254
563 256
561 257
568 260
560 261
557 265
559 273
586 276
574 277
608 278
576 279
609 282
590 285
593 290
605 306
610 308
629 320
650 339
658 349
703 413
954 618
965 627
959 628
966 632
968 634
976 636
986 641
978 642
990 643
987 645
1001 671
1002 675
1024 698
1242 1030
1245 1032
1256 1038
1261 1043
1275 1054
1374 1113
1376 1114
1586 1317
1601 1330
1603 1334
1800 1490
1704 1702
2079 1714
1781 1741
1825 1894
1849 1906
1874 1927
1952 2015
1945 2016
1983 2027
2215 2091
2175 2185
2169 2265
2193 2288
2278 2374
2289 2378
2305 2411
2281 2413
7 64
19
176 7
141 105
163 121
157 125
659 218
679 231
693 240
556 477
560 482
586 508
1029 605
1038 614
1041 620
1044 621
1311 954
1315 956
1316 957
1535 1093
1626 1232
7 83
18
261 355
235 388
207 390
217 394
233 398
239 406
253 409
243 415
669 949
650 967
635 970
629 973
649 974
638 975
656 995
997 1407
1014 1521
1870 2553
8 13
13
665 255
555 646
1377 882
981 945
990 954
995 961
1639 1402
1662 1416
1650 1454
1780 1605
1813 1636
2004 1676
1961 1731
8 26
12
498 156
535 170
601 186
930 427
986 537
1286 828
1345 899
1261 1069
1656 1180
1686 1209
1754 1343
1789 1392
9 54
18
580 246
598 263
1009 523
1021 632
1022 633
1029 641
1036 647
1355 1081
1362 1109
1689 1378
1692 1380
1696 1391
1718 1456
1793 1654
1814 1695
1273 1746
1862 1765
2092 2177
10 55
77
822 316
1163 558
1204 610
1209 623
1211 627
1212 629
1222 648
1223 650
1226 652
1246 671
1262 708
1268 711
1491 956
1498 957
1503 963
1510 970
1514 975
1517 982
1523 987
1529 990
1530 991
1604 1004
1710 1046
2005 1223
2010 1235
2014 1241
2018 1247
2019 1251
2020 1252
2026 1266
2030 1270
2033 1275
2037 1280
2040 1288
2041 1289
2043 1291
2044 1294
2046 1297
2047 1300
2062 1341
2068 1357
2070 1368
2072 1373
2076 1384
2077 1388
2210 1608
2217 1619
2226 1630
2229 1633
2231 1636
2234 1637
2233 1638
2236 1639
2237 1640
2240 1643
2241 1644
2243 1645
2278 1658
2286 1660
2291 1661
2295 1665
2303 1670
2340 1692
2346 1695
2381 1698
2559 1837
2588 1903
2588 1907
2591 1914
2597 1928
2608 1952
2658 2048
2659 2050
2693 2063
2702 2073
2706 2076
2731 2082
11 12
16
1134 861
1413 1089
1414 1094
1753 1381
1855 1472
1897 1495
1981 1584
2051 1632
2050 1634
2061 1640
2088 1650
2081 1653
2093 1660
2206 1756
2388 1912
2508 2030
11 23
14
751 142
1078 234
1100 251
1093 270
1140 300
1347 405
1362 409
1398 465
1307 554
2040 786
2047 788
2088 808
2376 955
2500 1093
12 47
22
143 136
154 166
444 389
455 407
474 423
472 431
481 435
469 439
482 444
483 452
510 555
814 677
820 680
831 697
864 766
1050 890
1054 900
1056 903
1448 1180
1447 1181
1449 1184
1987 1669
13 25
23
577 340
533 804
545 835
547 842
552 859
585 921
586 924
840 1398
843 1402
856 1414
859 1421
861 1422
867 1428
868 1430
896 1474
1195 1873
1198 1878
1197 1881
1267 2013
1406 2265
1407 2267
1649 2327
1621 2471
14 15
15
574 500
577 501
578 502
582 505
581 506
958 857
960 860
965 863
971 868
970 869
980 874
1003 889
1645 1457
1648 1458
1651 1461
14 25
116
76 35
241 189
254 201
271 224
305 261
314 279
320 289
338 299
356 323
365 331
612 696
622 705
625 717
632 724
635 730
638 736
650 756
656 760
660 771
665 776
668 780
687 801
691 807
692 811
693 818
700 825
946 831
714 843
716 845
717 846
718 847
724 860
738 874
744 885
761 903
758 904
766 912
765 913
770 915
777 930
1221 951
1012 1335
1023 1340
1026 1342
1027 1343
1028 1346
1035 1349
1037 1351
1038 1355
1042 1356
1044 1357
1047 1359
1053 1365
1060 1371
1071 1375
1073 1376
1093 1385
1090 1388
1112 1396
1109 1397
1110 1399
1115 1404
1130 1416
1146 1431
1149 1437
1170 1454
1173 1458
1181 1468
1182 1470
1180 1471
1183 1472
1185 1476
1560 1519
1567 1521
1585 1556
1414 1795
1415 1797
1417 1798
1416 1799
1418 1800
1421 1802
1423 1803
1422 1804
1424 1805
1425 1806
1426 1808
1428 1810
1437 1819
1440 1825
1448 1832
1451 1838
1458 1842
1460 1845
1465 1853
1471 1862
1473 1870
1483 1880
1507 1920
1508 1930
1510 1936
1512 1940
1793 1978
1804 1987
1837 2034
1658 2216
1666 2221
1667 2223
1670 2224
1678 2236
1680 2238
1750 2275
1973 2327
1906 2432
1912 2434
1917 2439
1838 2546
15 16
14
498 584
505 588
552 616
855 888
857 894
863 898
874 911
930 967
1015 1045
1229 1247
1230 1248
1232 1251
1240 1260
1522 1482
16 17
20
1240 706
908 737
957 769
1024 807
1032 810
1068 835
1077 843
1250 997
1247 1000
1252 1002
1254 1004
1315 1032
1312 1047
1607 1135
1439 1177
1438 1178
1450 1189
1530 1268
1653 1360
1665 1384
18 19
29
555 489
1011 904
1284 1179
1283 1180
1288 1181
1583 1183
1292 1184
1293 1185
1294 1186
1295 1187
1301 1194
1303 1197
1307 1198
1580 1458
1581 1459
1586 1462
1585 1463
1589 1466
1591 1469
1593 1470
1595 1472
1728 1610
1729 1612
1732 1613
1733 1614
1731 1615
1737 1621
1741 1625
1743 1627
18 20
14
1018 870
1304 880
1293 1145
1292 1147
1303 1167
1307 1179
1580 1414
1581 1415
1586 1419
1728 1578
1732 1579
1729 1580
1734 1583
1737 1589
19 20
56
208 12
235 25
82 45
291 225
307 236
476 396
477 403
484 416
489 434
851 769
885 800
888 814
887 818
895 827
1002 967
1147 977
1091 1047
1108 1052
1154 1098
1159 1104
1165 1108
1166 1113
1167 1114
1174 1128
1180 1135
1181 1141
1185 1145
1184 1147
1186 1150
1194 1159
1193 1160
1345 1310
1416 1381
1441 1386
1456 1409
1458 1414
1459 1415
1462 1419
1463 1421
1466 1422
1469 1425
1470 1429
1576 1547
1581 1549
1607 1576
1610 1578
1613 1579
1612 1580
1614 1581
1611 1582
1616 1583
1621 1589
1866 1860
1865 1861
1628 1976
2121 1993
19 76
25
477 72
484 74
886 203
888 206
1159 337
1166 341
1167 342
1184 354
1461 358
1187 359
1193 368
1197 369
1463 542
1466 547
1469 549
1470 553
1610 664
1612 670
1616 673
1614 674
1615 676
1618 681
1621 683
2000 829
2000 906
20 37
22
403 119
1098 1461
1114 1466
1147 1506
1150 1509
1401 1887
1403 1888
1419 1910
1421 1916
1422 1919
1425 1921
1436 1925
1583 2072
1579 2186
1578 2188
1580 2192
1581 2194
1584 2196
1589 2199
1597 2204
1602 2206
1943 2503
20 76
60
160 32
180 38
84 70
403 72
408 73
416 74
418 75
434 77
443 78
612 155
622 156
663 166
608 169
814 206
881 215
997 278
973 282
1084 318
1093 335
1104 337
1097 340
1114 342
1107 344
1115 346
1128 348
1131 350
1150 356
1166 357
1176 362
1160 368
1167 369
1177 373
1239 413
1342 490
1384 513
1386 514
1401 530
1403 532
1409 534
1414 536
1415 537
1421 542
1422 547
1425 549
1429 553
1517 619
1503 620
1575 659
1578 664
1580 670
1581 674
1584 676
1582 678
1585 681
1589 683
1787 808
1812 821
1864 839
1872 856
1944 899
21 38
19
195 142
205 149
215 158
224 165
475 403
469 406
487 423
490 427
579 499
686 593
764 657
1009 880
1255 1043
1297 1095
1359 1122
1586 1313
1619 1370
1627 1378
1684 1431
22 41
28
417 1123
901 2335
1086 3011
1105 3023
1133 3052
1218 3182
1258 3273
1287 3549
1287 3555
1549 3996
1551 4002
1728 4370
1740 4390
1741 4394
1765 4419
1763 4420
1771 4428
1772 4429
1776 4443
1806 4544
1907 4679
1908 4680
1911 4682
1914 4684
1916 4688
1983 4792
2000 4819
2002 4822
22 42
16
359 24
99 26
305 146
428 161
417 228
720 364
725 369
770 375
734 376
825 452
1154 615
1198 623
1074 691
1495 923
1705 1121
1729 1133
23 79
31
77 112
81 117
85 126
372 272
229 300
233 301
232 303
235 308
241 317
251 321
264 331
411 506
423 514
592 681
593 688
626 709
728 820
756 840
757 841
759 850
761 851
788 867
791 868
896 990
912 993
940 1021
955 1028
958 1032
1003 1083
1010 1085
1047 1109
27 32
13
64 47
291 407
660 930
673 957
676 965
963 1317
966 1326
972 1332
968 1336
975 1346
980 1359
1244 1596
1266 1648
27 63
18
287 315
288 327
291 329
293 333
619 680
637 707
647 720
654 722
641 739
673 768
899 980
966 1073
968 1084
975 1100
1264 1393
1397 1587
1399 1588
1560 1786
27 67
16
58 223
289 548
270 563
261 567
265 573
276 575
637 1098
653 1101
620 1110
630 1118
624 1126
619 1129
636 1132
625 1141
951 1498
1245 1830
27 70
33
62 140
64 141
235 400
252 421
244 429
265 466
287 485
288 486
289 488
291 491
293 492
613 902
619 933
624 951
630 968
636 976
637 977
648 984
650 985
653 987
654 992
673 1021
899 1283
953 1376
963 1387
962 1388
966 1390
975 1401
1240 1746
1245 1757
1249 1759
1264 1772
1533 2165
27 71
18
244 328
252 361
609 742
610 746
630 764
613 776
623 785
899 1051
1106 1262
1102 1263
1140 1278
1159 1284
1184 1309
1187 1313
1362 1530
1363 1532
1601 1782
1600 1788
27 72
29
58 60
64 62
261 339
265 347
276 357
284 359
288 362
287 364
289 365
293 367
291 368
620 738
625 763
637 773
647 777
650 781
648 783
653 784
654 786
657 787
899 1065
954 1139
953 1140
963 1148
968 1153
1245 1454
1255 1462
1363 1600
1580 1841
27 75
11
64 3
287 243
288 244
663 731
657 737
647 748
968 1274
966 1277
1255 1649
1245 1654
1397 2020
28 35
23
142 66
361 369
356 377
402 389
372 394
410 399
380 403
395 414
409 426
741 876
769 901
730 906
746 917
740 921
753 933
766 942
761 943
779 952
913 1166
1093 1306
1113 1311
1721 1928
1910 2128
28 67
38
138 217
376 222
442 235
450 236
360 526
351 533
379 548
383 562
378 565
391 569
392 582
395 585
400 592
407 597
730 1080
735 1088
743 1100
759 1101
754 1109
764 1119
760 1124
761 1125
769 1128
775 1129
767 1131
784 1132
779 1142
795 1155
796 1156
794 1157
799 1160
1113 1505
1434 1839
1537 1908
1721 2107
1925 2321
1953 2337
2021 2398
28 68
105
135 147
138 155
483 370
342 411
345 415
351 417
357 422
378 432
372 433
380 437
395 446
400 449
392 450
407 463
409 464
383 468
410 484
368 487
365 488
393 489
379 496
399 499
389 502
404 504
401 506
447 525
895 775
913 786
735 843
731 844
760 865
753 866
761 869
766 878
779 880
767 884
774 888
754 897
794 901
764 904
800 907
769 908
763 913
782 918
797 925
770 932
796 933
778 934
775 938
776 943
759 945
772 947
784 962
1179 1151
1164 1167
1169 1173
1197 1196
1201 1205
1104 1233
1118 1247
1125 1255
1103 1258
1113 1262
1122 1268
1109 1276
1098 1278
1107 1281
1120 1291
1124 1296
1117 1297
1137 1301
1150 1308
1467 1500
1474 1508
1468 1509
1490 1518
1493 1521
1497 1523
1533 1535
1514 1541
1536 1554
1521 1558
1512 1569
1534 1584
1421 1614
1423 1635
1431 1641
1439 1643
1432 1647
1671 1733
1681 1737
1678 1738
1677 1748
1715 1757
1696 1767
1718 1776
1701 1786
1726 1811
1841 1957
1892 2003
1923 2009
1921 2037
2019 2147
2084 2219
2089 2227
28 69
35
144 186
372 445
380 448
412 468
427 478
402 485
383 486
410 490
418 497
439 527
401 529
449 537
774 907
800 916
810 928
769 933
787 935
782 939
797 941
796 942
802 948
812 962
840 1003
838 1006
1197 1185
1169 1193
1122 1318
1114 1322
1126 1327
1137 1358
1438 1642
1432 1666
1434 1671
1660 1833
1890 1939
29 35
15
28 365
228 394
68 570
572 926
592 950
775 1196
997 1473
1001 1482
1002 1483
1230 1764
1243 1779
1367 1922
1387 1951
1404 1966
1551 2137
29 66
21
39 60
170 380
188 397
209 409
219 414
230 417
221 424
231 430
28 431
197 438
277 474
518 890
572 917
578 923
554 940
596 956
625 970
746 1262
862 1373
1373 1992
1551 2161
30 61
14
458 366
467 368
542 485
786 653
784 654
1012 881
1021 893
1022 894
1105 1003
1073 1020
1347 1195
1352 1200
1384 1289
1894 1682
30 62
80
69 231
94 269
95 278
100 288
386 613
407 632
421 656
427 667
445 671
446 675
434 677
459 696
456 699
463 702
467 704
536 763
551 775
746 1028
768 1048
772 1054
779 1059
784 1067
781 1068
782 1069
785 1073
820 1102
827 1112
824 1114
1171 1186
1319 1270
991 1309
1001 1330
1013 1345
1012 1346
1015 1349
1016 1352
1019 1353
1021 1361
1026 1377
1033 1401
1058 1403
1073 1424
1088 1452
1079 1453
1105 1458
1188 1731
1301 1796
1304 1803
1343 1867
1344 1872
1347 1878
1352 1882
1369 1894
1367 1899
1372 1906
1378 1907
1376 1911
1384 1912
1380 1913
1389 1916
1390 1920
1394 1927
1407 1933
1443 2024
1448 2030
1534 2105
1535 2107
1570 2133
1573 2135
1580 2145
1587 2146
1659 2270
1671 2275
1678 2283
1800 2361
1803 2362
1802 2364
1808 2368
1838 2404
1864 2415
31 32
51
34 40
82 65
92 66
109 90
118 100
138 106
140 109
150 114
149 116
154 121
942 285
24 325
25 340
37 370
43 414
489 455
488 470
514 481
525 487
485 494
542 508
997 859
849 927
905 942
901 948
911 954
908 959
949 987
957 994
1331 1287
1333 1294
1336 1300
1261 1334
1296 1344
1290 1345
1291 1347
1295 1350
1279 1359
1311 1365
1509 1528
1549 1553
1583 1562
1559 1563
1599 1567
1626 1589
1543 1605
2008 1907
2259 2035
2202 2047
2455 2176
2462 2178
31 33
70
30 58
34 67
35 72
43 80
44 83
64 110
70 120
90 136
100 142
95 150
96 151
111 153
97 158
98 159
107 160
104 161
114 163
117 164
108 165
119 176
125 182
124 185
128 186
129 187
127 191
134 197
139 202
542 225
25 483
393 507
397 512
427 543
426 544
438 557
441 565
460 574
466 575
463 583
469 584
467 590
482 597
485 604
489 606
793 1003
813 1032
822 1040
831 1050
838 1055
836 1056
846 1067
847 1068
855 1077
865 1081
873 1088
902 1112
895 1115
905 1119
906 1124
1247 1531
1255 1542
1269 1559
1268 1560
1279 1566
1280 1569
1479 1585
1475 1773
1561 1876
1571 1887
1575 1889
1579 1891
31 36
29
416 28
377 34
371 38
34 39
466 47
35 48
410 51
44 52
64 82
942 258
997 280
361 290
383 304
376 327
400 330
448 401
467 415
849 600
759 681
787 691
801 703
834 753
869 794
1571 1279
1497 1354
1565 1408
1575 1415
2411 1754
2539 2017
31 56
20
367 7
375 18
371 23
35 32
437 35
410 36
466 43
64 53
136 80
529 88
1136 446
849 503
1884 1099
1582 1164
1707 1344
2390 1745
2406 1771
2503 1950
2365 2012
2558 2187
31 57
19
35 97
44 102
43 109
85 117
64 141
72 168
1125 348
488 406
448 424
467 434
849 791
846 798
847 806
848 817
870 835
1253 1102
1269 1122
1565 1368
1579 1379
31 62
31
466 54
822 275
416 301
873 304
812 575
842 576
884 698
1115 967
1124 968
1125 970
1309 1112
1331 1113
1333 1114
2030 1343
1498 1365
1607 1444
1603 1448
1613 1452
2011 1913
2012 1916
2045 1926
2053 1931
2159 2069
2212 2111
2214 2113
2243 2140
2258 2145
2261 2147
2411 2338
2453 2365
2530 2437
31 64
37
35 7
393 137
37 146
454 192
469 203
482 212
813 495
833 533
847 552
849 554
873 571
897 605
902 610
905 612
914 622
997 640
1244 900
1269 926
1268 927
1261 928
1279 935
1280 938
1286 954
1292 958
1296 960
1336 970
1474 1122
1567 1214
1574 1225
1581 1231
1582 1232
1612 1237
2017 1503
2020 1504
2048 1517
2051 1522
2203 1649
31 71
14
43 122
488 388
438 394
342 413
467 414
810 773
836 777
831 782
824 809
870 839
1337 1052
1479 1145
1269 1147
1280 1148
31 74
17
97 39
96 81
92 86
139 90
140 95
496 503
489 528
497 549
482 551
54 574
469 580
466 597
524 623
901 1064
905 1088
1296 1605
1292 1617
32 33
60
21 39
36 50
37 51
40 67
47 72
49 83
54 96
466 114
90 167
465 171
314 455
316 461
330 474
24 477
367 478
355 479
377 480
340 483
350 489
366 496
386 500
374 503
369 507
402 508
353 514
407 519
769 940
830 994
824 995
848 998
857 999
866 1003
874 1009
862 1010
869 1013
870 1024
894 1026
888 1027
912 1043
900 1047
929 1052
1129 1304
1270 1492
1275 1500
1302 1522
1311 1524
1305 1526
1326 1536
1336 1548
1287 1549
1300 1563
1592 1895
1881 2225
1888 2243
1895 2252
1899 2257
1898 2261
2032 2424
2238 2677
2255 2690
32 36
63
305 7
321 16
325 22
361 28
365 34
367 38
404 49
410 51
414 55
444 69
462 83
457 84
467 87
465 88
494 113
749 235
775 250
285 258
859 280
852 304
857 311
864 314
871 319
876 327
883 332
888 338
897 343
911 351
912 358
943 399
966 426
1240 621
1275 667
1294 680
1306 702
1309 707
1345 758
1563 1062
1594 1085
1586 1090
1597 1099
1596 1100
1628 1135
1360 1144
1828 1263
1612 1277
1641 1279
1526 1299
1899 1356
1909 1382
1912 1385
1919 1411
1921 1421
1923 1430
1929 1458
1956 1487
1898 1690
2047 1702
2052 1713
2124 1776
2087 1888
2200 1891
2239 1966
32 56
46
723 53
465 71
467 75
485 83
508 95
848 237
852 238
864 244
866 246
870 252
888 263
897 268
912 278
907 279
955 312
957 315
927 503
1302 564
1305 568
1306 571
1314 577
1318 579
1321 587
1326 590
1334 604
1336 605
1338 610
1346 619
1352 629
1359 639
1596 955
1618 973
1621 975
1634 988
1639 991
1641 997
1648 1001
1909 1240
1912 1242
1899 1279
2027 1658
2041 1672
2047 1676
2050 1682
2052 1684
2030 1856
32 57
35
379 69
365 75
389 96
414 109
467 110
440 111
428 119
465 129
508 159
272 240
322 309
1127 348
1009 555
985 640
1385 652
1426 680
848 729
935 817
929 818
796 851
1250 983
1594 1049
1592 1277
1956 1295
1781 1357
1843 1441
1912 1520
1996 1553
2110 1560
2144 1566
2149 1567
2104 1637
2164 1678
2230 1684
2294 1766
32 63
40
283 162
467 321
47 325
49 328
424 339
322 634
942 709
940 712
962 728
980 749
957 768
1270 950
1277 961
1287 971
1300 980
1344 1064
1345 1071
1336 1084
1365 1092
1515 1209
1525 1222
1553 1251
1567 1265
1578 1290
1591 1296
1594 1298
1865 1494
1868 1499
1867 1505
1881 1525
1888 1532
1895 1538
1899 1540
1920 1577
2017 1654
2034 1674
2050 1721
2175 1795
2179 1802
2238 1866
32 70
28
859 285
424 493
432 497
478 516
888 977
927 982
893 987
928 999
929 1014
957 1021
1270 1276
1302 1356
1326 1390
1336 1393
1346 1401
1332 1403
1578 1666
1618 1758
1612 1762
1621 1764
1892 1927
1888 1930
1895 1931
2035 2095
2037 2108
2178 2223
2220 2245
2238 2285
32 71
60
40 76
36 90
462 100
467 106
404 108
47 111
508 136
102 142
316 280
322 284
314 288
330 298
340 305
350 311
357 315
370 320
373 347
367 349
381 352
395 362
401 370
402 374
754 568
767 579
820 703
830 722
840 741
848 742
862 746
893 783
894 787
912 794
915 809
935 820
929 821
1250 992
1257 1004
1272 1021
1311 1121
1309 1122
1326 1128
1356 1158
1538 1242
1553 1262
1567 1277
1847 1480
1849 1482
1856 1489
1865 1492
1861 1496
1868 1497
1871 1500
1892 1526
1888 1527
1898 1528
1919 1572
2005 1614
2031 1636
2176 1755
2181 1761
33 34
23
39 50
127 52
89 74
151 78
463 268
476 274
484 281
477 282
495 300
520 304
606 327
597 330
612 337
575 342
919 607
896 633
1056 700
1058 712
1028 722
1130 752
1119 759
1112 764
1531 1146
33 36
29
478 38
517 41
524 51
1069 600
1119 751
1052 753
1075 769
1141 800
1797 1024
1584 1137
1887 1279
2218 1331
2243 1349
2252 1353
1907 1410
1889 1415
1787 1639
2387 1646
2392 1655
2394 1657
2401 1659
2405 1664
2408 1674
2265 1733
2587 1819
2591 1823
2598 1828
2525 1885
2568 1956
33 56
14
524 36
575 43
209 85
217 92
606 306
1119 624
1130 641
2199 1180
2252 1272
2408 1660
2598 1851
2525 1956
2573 2049
2675 2058
33 57
26
476 29
72 97
106 99
186 110
182 136
110 141
100 145
113 168
478 362
606 385
519 386
543 405
557 410
573 416
590 434
583 436
1000 762
1115 803
1066 817
1052 818
1147 823
1907 1360
1875 1374
2251 1523
2562 1659
2657 1717
33 62
13
575 54
1040 275
1030 276
1050 282
1057 292
1088 304
631 367
782 551
1130 702
936 758
1304 968
1912 1384
2408 1906
33 64
77
42 4
72 7
202 20
467 105
474 110
476 117
483 119
477 120
496 127
511 135
507 137
524 144
520 159
530 167
557 173
563 192
612 226
522 228
631 240
981 447
990 454
993 457
994 461
998 464
1009 475
1004 476
1016 481
1007 482
1013 484
1010 485
1018 487
1026 489
1024 498
1023 504
1030 508
1028 509
1045 523
1043 524
1050 534
1085 567
1088 571
1073 579
1119 612
1129 617
1130 618
1523 895
1522 899
1526 900
1530 902
1535 907
1536 909
1548 919
1544 920
1559 926
1576 957
1563 970
1772 1119
1825 1175
1843 1184
1855 1195
1867 1203
1875 1211
1880 1214
1891 1219
1886 1225
1901 1230
1884 1246
2219 1478
2223 1482
2241 1489
2248 1496
2249 1499
2251 1500
2252 1522
2430 1675
2602 1794
2603 1796
33 70
23
631 425
1112 889
1119 902
1117 921
1116 938
1572 1273
1500 1280
1522 1356
1884 1668
1907 1744
1886 1745
1772 1759
2213 1874
2233 1918
2254 1924
2240 1925
2243 1930
2252 1931
2257 1932
2428 2092
2430 2108
2603 2223
2677 2285
33 71
81
67 76
517 77
51 89
72 111
147 117
143 121
80 122
176 123
158 125
173 127
171 130
110 134
113 142
474 298
483 305
445 307
489 311
493 328
496 334
500 360
606 361
511 362
544 368
510 370
524 373
508 374
519 376
631 380
573 400
585 409
590 414
583 417
582 423
994 722
990 741
998 742
1010 746
1013 752
988 758
1018 769
1027 773
1000 775
1119 776
1056 777
1016 778
1050 782
1026 787
1043 794
1042 809
1061 811
1076 817
1066 820
1052 821
1088 833
1081 844
1563 1051
1522 1104
1511 1106
1526 1110
1510 1113
1523 1115
1524 1121
1521 1122
1536 1128
1535 1134
1537 1140
1560 1141
1559 1147
1569 1148
1558 1155
1772 1212
1844 1381
1907 1392
1855 1395
1867 1396
1889 1406
1875 1409
2225 1518
2243 1527
2256 1565
2251 1572
33 74
11
72 18
158 39
78 53
197 87
606 528
575 597
142 599
1115 1026
1024 1031
1130 1058
2597 2976
33 75
12
524 244
631 354
202 356
142 394
522 602
1027 752
1537 1257
1569 1264
1523 1287
1889 1641
1867 1649
2405 2522
33 81
21
80 540
474 920
479 965
502 994
511 1006
478 1007
524 1008
510 1017
994 1335
998 1356
1013 1359
1032 1390
1032 1393
1016 1397
1000 1406
1531 1737
1522 1752
1526 1758
1523 1773
1524 1780
1521 1791
33 83
27
83 257
58 327
202 367
522 607
507 886
474 918
467 932
461 933
520 964
464 966
575 974
475 977
530 980
495 985
1075 1391
1023 1513
983 1518
2146 1784
1772 1837
1526 1857
1884 2043
2349 2192
1846 2235
1798 2397
2568 2415
2405 2713
2595 2789
34 64
55
50 5
24 7
88 20
274 117
290 121
21 133
269 146
299 152
229 157
304 159
312 160
26 164
315 167
317 171
238 173
41 177
325 178
328 187
356 207
330 212
302 220
327 222
323 223
337 226
686 447
717 478
667 500
722 509
740 526
743 536
737 537
753 546
712 549
683 552
699 556
760 586
759 612
1153 917
1560 1153
1591 1187
1461 1198
1569 1241
1842 1451
1860 1483
1857 1492
1835 1514
1836 1522
1833 1523
1844 1525
2000 1635
2019 1644
2022 1672
2020 1676
2135 1792
2132 1796
34 74
76
22 16
24 18
28 37
87 42
88 90
228 410
250 417
238 427
229 430
221 434
230 436
199 438
223 439
222 443
242 448
253 450
234 457
41 460
237 465
33 471
233 472
244 476
302 482
256 485
284 488
269 501
236 505
327 528
330 551
317 574
325 583
333 590
326 595
342 597
86 599
674 972
666 975
663 979
653 982
656 988
650 990
657 995
691 1000
678 1002
699 1006
661 1011
659 1016
665 1020
712 1035
752 1058
759 1088
755 1096
753 1138
778 1162
866 1382
868 1419
1142 1560
1130 1561
1122 1562
1145 1566
1134 1569
1147 1578
1146 1588
1153 1615
1162 1631
1236 1783
1422 1899
1451 1917
1454 1925
1458 1927
1463 1930
1470 1945
1468 1946
1476 1947
1774 2355
2011 2718
34 75
28
26 230
22 239
21 242
52 302
36 312
79 352
88 356
91 375
50 382
86 394
105 425
581 664
176 682
221 745
230 748
1059 1161
1102 1233
629 1265
657 1285
837 1522
870 1538
1122 1654
1423 1698
1213 1904
1219 1932
1598 1980
1465 2033
2099 2435
34 81
20
259 918
251 920
263 921
257 924
256 936
244 952
233 957
234 969
229 1010
204 1016
688 1335
690 1338
679 1353
665 1356
670 1359
661 1363
1556 1591
1146 1737
1140 1752
1129 1766
34 83
51
79 364
88 367
94 373
499 575
228 753
246 792
204 805
221 809
214 811
262 822
222 823
234 842
237 857
256 886
259 915
251 918
327 923
260 932
265 940
304 964
300 985
305 1000
1059 1253
663 1397
653 1404
671 1407
683 1412
642 1417
657 1424
667 1432
680 1435
697 1443
670 1445
659 1452
688 1487
756 1521
766 1529
1143 1809
1136 1811
1130 1833
1127 1845
1145 1846
1129 1849
1134 1857
1146 1893
1451 2201
1454 2213
1465 2221
1460 2224
1457 2226
1470 2232
35 65
57
40 9
47 13
66 63
63 67
315 242
305 245
299 247
331 248
363 277
352 278
339 311
399 328
436 354
417 363
377 367
418 368
433 373
365 375
414 378
364 383
403 385
423 387
355 394
384 396
824 826
821 830
889 861
905 867
892 883
914 892
901 894
939 904
926 906
935 916
927 919
948 922
941 925
932 926
958 929
956 933
910 937
942 943
966 944
952 947
933 948
912 958
943 959
950 972
1289 1410
1294 1420
1307 1424
1311 1432
1323 1442
1312 1444
1951 2258
1952 2261
2217 2556
35 66
240
37 22
40 23
47 33
48 34
63 68
74 79
141 220
179 265
305 345
299 346
309 347
315 348
287 356
322 359
352 389
339 394
351 397
390 400
367 405
380 409
382 410
338 416
405 418
345 421
415 422
369 423
389 424
349 428
399 430
365 431
350 433
355 434
364 438
392 442
377 443
381 444
378 449
393 452
401 455
384 457
394 459
427 460
403 466
417 470
414 476
436 478
423 483
488 499
450 525
575 704
570 707
622 723
643 740
647 746
653 749
816 831
821 835
836 838
849 842
841 847
856 850
867 851
832 852
865 855
871 863
834 864
870 865
862 872
879 873
872 877
878 878
889 882
907 888
916 889
876 890
888 892
892 893
905 895
903 897
922 899
901 900
937 902
914 904
924 905
936 907
874 910
881 913
902 915
926 917
945 918
887 922
939 923
900 925
935 926
910 931
917 932
915 934
932 935
912 937
931 939
906 940
941 941
948 942
961 943
921 945
933 946
911 952
942 955
958 956
943 961
952 969
920 972
950 974
962 976
940 978
966 979
957 986
930 990
970 1001
1009 1028
1122 1226
1132 1229
1134 1233
1141 1237
1140 1238
1146 1242
1153 1247
1150 1248
1152 1249
1168 1257
1170 1259
1169 1260
1166 1262
1177 1269
1176 1272
1183 1278
1184 1279
1258 1315
1264 1316
1282 1322
1267 1325
1286 1326
1273 1329
1297 1333
1289 1335
1301 1337
1294 1340
1291 1344
1307 1346
1310 1347
1311 1351
1314 1352
1321 1353
1320 1356
1306 1357
1296 1360
1303 1364
1312 1370
1305 1373
1323 1375
1319 1379
1324 1381
1327 1386
1317 1388
1403 1523
1408 1528
1434 1531
1433 1532
1438 1534
1446 1537
1444 1539
1450 1543
1457 1550
1458 1551
1467 1558
1469 1563
1472 1568
1567 1609
1604 1618
1587 1619
1599 1625
1608 1626
1606 1639
1715 1777
1692 1779
1698 1782
1696 1786
1721 1789
1720 1790
1728 1792
1732 1796
1730 1797
1755 1815
1749 1818
1752 1821
1767 1825
1768 1828
1766 1835
1771 1838
1779 1844
1781 1848
1823 1869
1828 1870
1839 1877
1846 1881
1862 1891
1896 1953
1908 1961
1904 1964
1906 1965
1914 1972
1922 1975
1924 1979
1925 1981
1928 1982
1932 1992
1939 1994
1940 1995
1941 1998
1944 1999
2018 2030
2024 2031
2112 2143
2117 2150
2123 2151
2120 2152
2124 2156
2137 2161
2128 2162
2138 2164
2153 2189
2178 2202
2203 2242
2204 2243
2206 2245
2207 2249
2214 2251
2219 2258
2223 2261
2234 2267
35 67
184
40 217
63 222
196 278
301 475
338 492
349 497
372 501
355 506
383 511
364 516
365 521
370 524
299 526
366 528
378 533
305 534
329 541
339 543
384 544
334 549
381 552
325 553
315 559
359 562
403 566
367 568
352 572
336 573
380 584
414 585
348 588
389 591
423 592
382 594
388 596
417 597
399 598
426 600
398 603
433 604
437 606
407 607
436 612
427 615
446 617
483 619
419 624
468 645
471 647
1176 733
874 1044
881 1054
887 1064
906 1080
912 1088
910 1094
876 1095
853 1096
921 1097
902 1100
872 1102
915 1103
917 1107
944 1108
888 1109
869 1110
933 1112
878 1114
865 1118
892 1119
855 1120
931 1121
890 1122
950 1124
943 1125
901 1128
879 1129
942 1130
932 1131
867 1132
889 1133
863 1134
927 1136
914 1139
903 1140
882 1141
952 1142
935 1145
926 1150
962 1151
948 1155
924 1156
956 1157
939 1158
907 1159
958 1160
936 1161
966 1163
945 1167
972 1171
953 1174
989 1176
960 1180
954 1182
991 1195
1031 1216
987 1217
1132 1230
1129 1251
1166 1262
1161 1265
1170 1268
1184 1287
1296 1470
1305 1474
1303 1479
1322 1489
1312 1490
1319 1494
1294 1495
1327 1499
1324 1500
1307 1504
1311 1505
1292 1508
1310 1510
1334 1512
1314 1513
1332 1516
1320 1517
1336 1519
1434 1550
1444 1555
1428 1561
1449 1567
1452 1570
1458 1573
1465 1575
1457 1577
1467 1586
1471 1594
1477 1597
1602 1815
1715 1861
1720 1863
1730 1867
1738 1883
1746 1886
1766 1892
1771 1907
1767 1908
1778 1920
1781 1923
1779 1924
1780 1927
1825 2010
1846 2037
1894 2061
1900 2070
1908 2087
1911 2093
1927 2094
1919 2095
1924 2101
1928 2107
1939 2118
1936 2120
1941 2122
1940 2123
1944 2125
1951 2128
1986 2234
2011 2236
2102 2275
2132 2313
2121 2314
2122 2320
2138 2327
2203 2389
2207 2392
2208 2394
2206 2399
2214 2404
2218 2411
35 68
29
63 149
349 397
364 411
394 433
414 446
418 458
417 463
426 464
437 472
446 483
399 484
632 537
910 852
933 866
943 869
917 870
901 908
1306 1223
1336 1255
1311 1262
1720 1500
1753 1558
1770 1599
1786 1628
1925 1772
1928 1779
1938 1825
2123 2058
2139 2070
35 70
13
399 392
382 406
926 885
939 887
914 890
901 892
936 893
892 898
890 905
1311 1344
1314 1346
1325 1347
1294 1356
35 74
18
63 130
483 140
418 572
365 574
394 579
364 583
403 588
384 596
411 617
917 1102
933 1121
912 1129
943 1132
906 1138
957 1157
642 1438
1312 1611
1305 1631
35 75
21
399 349
418 382
364 387
394 388
403 393
423 395
63 408
889 802
924 837
939 845
941 862
956 876
933 887
952 888
943 892
962 893
950 899
957 903
971 906
1311 1340
1327 1376
36 56
227
289 7
26 14
308 21
36 22
38 23
41 27
48 32
51 36
52 37
55 38
47 43
82 53
89 57
73 65
80 69
88 71
86 72
83 74
87 75
91 77
100 81
102 82
106 85
109 88
111 89
116 92
238 213
257 230
309 235
306 237
312 242
314 244
318 252
326 253
258 257
259 261
338 263
333 264
343 268
346 273
329 275
331 277
358 278
353 279
341 284
370 289
266 290
348 292
360 294
378 297
383 306
391 308
386 309
413 312
415 315
272 320
428 324
410 327
436 331
434 341
437 346
639 526
644 536
654 553
661 555
656 557
699 563
698 564
701 567
703 568
706 569
708 573
709 577
715 580
717 585
670 586
724 587
727 590
722 591
745 605
753 609
750 610
769 619
740 621
751 624
676 627
797 639
771 641
799 645
683 649
800 657
807 659
806 661
812 665
813 666
924 812
1033 915
1032 917
1047 923
1045 925
1060 940
1057 942
1067 949
1099 959
1107 964
1109 968
1077 987
1139 988
1141 989
1129 990
1078 993
1076 994
1279 997
1150 1001
1081 1003
1083 1004
1080 1006
1154 1007
1173 1071
1183 1072
1218 1103
1266 1152
1274 1160
1276 1162
1285 1171
1286 1173
1300 1181
1298 1182
1307 1187
1316 1194
1314 1195
1318 1198
1321 1199
1324 1200
1320 1201
1322 1202
1323 1204
1327 1211
1336 1213
1332 1214
1339 1216
1365 1220
1342 1232
1378 1236
1382 1240
1343 1244
1388 1248
1386 1253
1347 1254
1349 1259
1408 1262
1415 1269
1350 1270
1351 1272
1352 1275
1356 1279
1457 1286
1487 1444
1625 1601
1624 1602
1627 1603
1626 1605
1632 1610
1634 1621
1639 1628
1645 1635
1649 1639
1659 1646
1660 1649
1665 1651
1664 1653
1667 1655
1670 1656
1674 1660
1673 1661
1679 1665
1680 1669
1682 1674
1705 1679
1707 1682
1686 1683
1713 1684
1710 1685
1688 1688
1690 1693
1741 1742
1739 1743
1797 1809
1800 1814
1804 1821
1810 1824
1815 1842
1818 1843
1826 1850
1828 1851
1835 1854
1845 1859
1853 1864
1856 1867
1838 1869
1859 1873
1870 1929
1883 1942
1878 1943
1882 1950
1885 1956
1937 2032
1945 2033
1948 2037
1956 2048
1955 2049
1957 2051
1960 2054
1962 2056
1970 2062
1979 2087
1983 2093
1982 2094
2007 2131
2009 2135
2010 2140
2016 2145
2017 2149
2062 2206
2065 2209
2066 2210
2069 2214
36 57
77
36 77
48 97
74 98
83 100
52 102
68 103
87 110
70 111
102 126
312 344
317 352
324 359
38 362
330 363
386 384
383 385
358 391
370 405
378 410
390 416
434 422
437 427
415 434
683 665
715 773
731 782
762 795
806 823
1022 958
1033 973
1040 978
1045 985
1052 999
1060 1004
1074 1028
1078 1037
1083 1045
1085 1049
1092 1082
1095 1086
1109 1094
1129 1103
1137 1107
1140 1113
1286 1202
1309 1221
1329 1249
1337 1254
1350 1271
1349 1275
1353 1282
1356 1288
1386 1346
1410 1360
1416 1363
1385 1364
1646 1445
1660 1456
1667 1464
1671 1467
1669 1468
1673 1470
1675 1472
1682 1477
1685 1482
1687 1483
1688 1485
1689 1488
1691 1493
1707 1518
1819 1570
1823 1574
1828 1577
1827 1578
1837 1591
1964 1686
2017 1732
36 62
16
73 57
87 65
100 68
116 88
391 347
405 348
386 350
434 397
766 690
771 702
751 704
800 725
807 732
782 737
806 740
1129 1073
36 63
23
22 628
324 691
358 729
415 768
1045 922
645 1000
703 1052
707 1060
709 1061
745 1084
753 1094
769 1100
1085 1298
1139 1393
1306 1492
1329 1512
1333 1517
1350 1530
1349 1532
1356 1540
1408 1587
1707 1721
1853 1823
36 71
27
39 76
83 100
87 106
100 115
26 305
38 349
386 358
383 361
410 380
676 633
683 639
306 742
751 776
758 785
771 796
1085 1052
1140 1130
1142 1148
1279 1214
1307 1240
1323 1258
1408 1404
1652 1481
1663 1493
1826 1622
1837 1640
1956 1745
36 83
18
280 587
399 768
358 803
330 836
386 937
745 1407
751 1494
679 1665
1150 1794
1141 1797
1120 1846
1107 1856
1081 2045
1408 2201
1397 2221
1713 2424
1691 2546
1686 2553
37 76
16
666 148
1683 473
1716 486
1762 515
1888 532
1916 542
1921 549
2187 647
2196 676
2199 683
2359 807
2347 819
2394 842
2503 898
2536 913
2539 919
39 77
65
420 394
447 413
459 422
471 440
813 722
830 738
811 740
832 770
850 781
860 784
849 793
862 795
872 796
876 801
874 804
875 805
891 808
890 811
1157 1048
1175 1052
1143 1053
1147 1079
1158 1081
1166 1088
1183 1100
1193 1109
1205 1110
1192 1113
1200 1123
1191 1127
1227 1129
1219 1130
1211 1134
1214 1142
1220 1143
1231 1146
1242 1150
1257 1160
1265 1164
1264 1167
1263 1168
1278 1177
1280 1180
1277 1189
1594 1446
1592 1453
1593 1461
1595 1462
1617 1467
1614 1469
1613 1472
1605 1475
1620 1477
1623 1478
1616 1479
1628 1480
1629 1481
1640 1488
1648 1491
1646 1492
1654 1498
1656 1503
1845 1659
1858 1680
1862 1682
40 41
102
567 1123
602 1242
607 1246
1290 2258
1303 2277
1354 2387
1366 2403
1380 2408
1386 2423
1389 2441
1445 2494
1460 2510
1459 2524
1480 2536
1500 2550
1920 3175
1956 3209
1960 3213
1939 3214
1974 3216
1975 3224
1978 3225
2003 3249
1973 3253
1985 3261
2027 3266
1994 3272
2039 3273
2041 3274
2037 3275
2046 3279
2052 3280
2017 3301
2006 3304
2080 3306
2029 3308
2042 3324
2049 3336
2057 3340
2068 3353
2075 3355
2109 3406
2138 3424
2132 3427
2149 3442
2135 3455
2171 3457
2187 3458
2193 3470
2210 3479
2245 3495
2305 3564
2396 3659
2672 4002
2688 4015
2670 4022
2671 4023
2699 4024
2710 4028
2711 4029
2713 4032
2687 4038
2722 4039
2690 4042
2689 4044
2717 4057
2733 4069
2734 4070
2732 4076
2739 4077
2744 4084
2747 4085
2743 4088
2767 4101
2782 4111
2783 4112
2781 4113
2797 4131
2814 4135
2818 4137
2822 4139
2834 4148
2927 4211
2897 4220
3046 4321
3084 4419
3090 4420
3085 4422
3093 4424
3096 4429
3075 4435
3079 4436
3089 4445
3092 4447
3113 4465
3117 4469
3125 4471
3116 4472
3124 4478
3163 4506
3199 4553
3383 4696
45 46
23
58 97
142 206
178 261
177 263
287 376
141 385
294 398
339 485
479 615
477 620
484 628
503 666
515 681
638 815
644 830
664 859
661 860
861 1096
858 1097
863 1104
870 1113
972 1212
973 1213
46 78
117
94 104
110 119
111 122
131 140
173 187
176 190
177 191
181 195
216 234
226 254
237 259
239 261
249 266
258 272
260 273
272 282
273 285
279 286
324 334
323 336
348 358
351 361
368 370
403 401
404 402
420 442
421 445
422 447
457 457
459 459
468 462
470 466
464 467
465 468
480 475
481 476
483 477
484 478
477 479
478 480
485 482
496 490
529 520
549 539
548 540
582 567
558 569
585 570
588 574
642 622
659 635
662 640
669 648
672 655
673 656
665 657
675 660
677 661
694 691
714 701
715 702
717 707
716 708
725 714
733 718
735 720
950 727
766 758
780 770
844 822
851 824
858 834
861 835
863 836
873 875
874 878
876 879
921 923
922 925
925 927
927 928
930 929
932 930
928 933
935 939
942 942
941 943
944 944
950 951
960 963
1010 1009
1013 1010
1061 1043
1068 1049
1083 1055
1095 1068
1098 1069
1103 1071
1113 1088
1122 1095
1167 1132
1181 1142
1190 1151
1192 1158
1194 1159
1214 1174
1212 1175
1213 1176
1222 1181
1226 1184
1245 1201
1270 1217
1271 1219
1284 1230
1302 1241
1310 1247
1322 1264
47 61
12
97 102
112 115
118 118
393 357
405 363
414 369
667 648
677 654
680 656
1082 743
891 882
1773 1693
54 55
19
205 185
235 212
586 491
1063 921
1114 988
1166 1059
1343 1174
1342 1175
1451 1289
1291 1482
1724 1562
1978 1820
2179 2033
2233 2081
2252 2101
2264 2118
2268 2119
2267 2120
2269 2122
56 57
26
37 102
75 110
81 123
82 126
92 155
23 362
309 384
306 385
278 391
308 393
346 427
649 665
626 788
503 791
605 805
610 806
661 823
659 827
1004 1045
1173 1202
1186 1220
1194 1230
1279 1288
1253 1346
1659 1467
1685 1562
56 62
30
71 50
73 55
65 57
75 65
74 66
81 68
88 80
91 87
306 344
309 350
307 351
327 367
613 685
632 693
626 696
641 702
624 704
657 725
661 740
666 745
990 1073
1271 1361
1384 1417
1384 1420
1384 1423
1384 1426
2048 2270
2079 2413
2203 2476
2203 2480
56 63
14
278 729
315 768
533 934
610 1082
605 1084
619 1100
1004 1296
997 1396
1259 1532
1279 1540
1266 1580
1264 1581
1260 1583
1262 1587
56 83
15
315 753
278 803
306 923
309 937
307 948
605 1407
610 1412
601 1427
624 1494
614 1502
621 1505
988 1819
990 1888
1262 2201
1264 2221
57 63
46
97 325
211 449
231 486
320 650
362 698
364 701
373 708
375 710
386 722
391 729
592 919
626 942
1049 982
729 1043
763 1061
771 1067
773 1068
784 1073
806 1082
969 1219
999 1254
1009 1262
1013 1267
1078 1355
1091 1362
1093 1366
1095 1367
1130 1403
1202 1474
1213 1484
1249 1512
1271 1530
1275 1532
1282 1538
1288 1540
1368 1587
1374 1588
1443 1640
1447 1643
1471 1661
1523 1730
1577 1792
1580 1794
1581 1795
1627 1819
1680 1862
57 71
90
71 81
77 89
92 96
100 100
110 106
106 107
105 110
97 111
109 122
129 130
136 131
153 133
141 134
155 135
255 207
320 298
344 328
352 334
359 343
362 349
364 352
384 358
385 361
379 370
386 376
396 377
395 379
391 381
400 382
406 388
422 397
434 414
436 417
573 544
576 545
610 576
638 607
665 639
763 773
762 775
775 776
766 778
771 783
773 784
788 785
794 795
800 796
803 803
820 810
812 816
827 819
817 820
818 821
835 839
841 846
917 902
965 970
999 1007
1018 1025
1022 1028
1045 1051
1049 1052
1087 1110
1095 1122
1103 1125
1102 1128
1113 1130
1111 1134
1116 1135
1124 1145
1130 1157
1193 1214
1218 1238
1239 1263
1275 1309
1282 1310
1288 1313
1360 1392
1368 1404
1374 1409
1396 1417
1478 1514
1480 1518
1485 1526
1488 1530
1523 1572
1575 1622
1591 1640
1611 1652
1558 1670
58 64
12
664 109
677 123
642 127
665 135
922 464
943 481
939 495
931 496
932 545
924 552
1198 900
1203 1121
58 68
20
330 155
335 158
302 469
309 484
677 502
625 908
678 962
932 1252
910 1262
915 1273
922 1274
923 1279
928 1283
941 1302
1202 1634
1224 1647
1315 1748
1314 1765
1325 1775
1463 2036
58 69
43
309 490
320 505
321 507
324 512
330 516
333 519
338 527
346 537
596 895
627 935
631 939
632 941
641 948
644 952
647 958
655 968
661 975
662 977
664 979
674 991
678 994
682 1000
869 1258
889 1291
910 1316
911 1318
915 1320
916 1322
919 1325
922 1330
923 1334
931 1342
943 1354
941 1355
1196 1643
1198 1645
1202 1650
1208 1655
1212 1656
1214 1658
1220 1663
1362 1832
1474 1983
58 70
19
333 136
335 139
323 140
330 141
687 415
676 468
474 649
630 912
950 922
659 993
832 1284
900 1348
935 1390
932 1393
1315 1930
1309 1931
1436 2092
1453 2108
1593 2285
58 73
32
264 149
273 151
519 407
526 410
630 492
832 772
900 814
943 854
935 858
924 861
932 862
951 882
1051 950
1092 968
1090 1005
1075 1061
1128 1067
1120 1091
1197 1170
1212 1174
1230 1194
1274 1251
1309 1320
1315 1321
1351 1356
1411 1442
1436 1472
1453 1490
1485 1566
1531 1601
1604 1715
1608 1716
58 81
163
172 208
231 306
223 314
273 415
280 422
309 452
302 458
313 480
346 481
338 482
303 488
347 492
310 495
321 511
333 521
320 528
323 531
330 536
329 540
336 543
334 544
441 626
510 722
517 736
504 747
507 755
526 788
579 860
573 864
584 872
591 875
595 880
601 889
611 897
627 908
632 910
625 918
631 920
637 923
628 924
641 927
639 929
630 936
658 945
638 952
644 957
647 965
634 967
669 971
662 973
687 975
657 984
681 986
668 993
676 1000
660 1004
665 1006
678 1007
663 1008
659 1010
666 1014
677 1016
673 1017
685 1046
792 1173
824 1205
827 1206
815 1230
849 1241
851 1242
829 1247
832 1251
962 1285
869 1292
874 1297
883 1305
888 1312
889 1319
911 1328
900 1332
910 1335
909 1338
915 1339
918 1343
944 1347
916 1348
914 1353
923 1355
922 1356
919 1359
941 1360
926 1363
937 1368
933 1369
942 1371
931 1383
939 1393
935 1394
943 1397
932 1399
1063 1536
1090 1573
1095 1575
1108 1578
1115 1591
1082 1596
1084 1599
1116 1611
1088 1613
1135 1623
1098 1637
1128 1638
1138 1643
1113 1651
1120 1654
1175 1723
1183 1737
1192 1740
1196 1750
1195 1752
1198 1758
1213 1762
1208 1766
1215 1768
1220 1780
1217 1782
1212 1783
1274 1848
1281 1854
1293 1885
1318 1888
1313 1896
1298 1898
1314 1906
1299 1909
1323 1916
1328 1919
1309 1925
1315 1926
1316 1928
1348 1956
1360 1961
1363 1969
1362 1970
1372 1982
1428 2045
1411 2046
1410 2052
1432 2055
1433 2064
1455 2071
1435 2072
1451 2074
1463 2100
1453 2108
1513 2197
1517 2212
1530 2214
1526 2220
1536 2226
1561 2264
1579 2293
1590 2294
58 83
21
335 28
329 246
330 253
321 276
302 348
671 800
659 803
678 815
625 915
596 950
932 1407
924 1412
935 1413
939 1415
943 1417
926 1438
916 1473
909 1477
910 1487
1212 1833
1195 1872
62 64
22
57 218
65 231
247 464
261 482
262 502
276 508
284 509
290 513
274 524
308 536
577 556
304 571
632 899
648 919
661 935
1043 1191
1324 1489
2064 1563
1877 1623
1909 1654
1921 1670
2363 1866
62 75
24
65 353
68 356
11 836
344 844
339 881
328 884
320 886
334 891
648 1274
694 1349
705 1357
691 1358
687 1363
671 1369
698 1375
1051 1686
1070 1722
1067 1734
1339 2028
1346 2033
1340 2035
1352 2043
1916 2428
2437 2602
62 83
20
347 904
350 937
351 948
301 964
339 967
336 968
320 973
345 986
770 1241
704 1494
705 1505
698 1529
1073 1888
1071 1908
1076 1921
1113 2055
1352 2225
1451 2310
1918 2604
2368 2773
63 67
19
325 217
307 221
745 504
311 563
295 569
287 572
683 1110
653 1113
678 1114
667 1122
687 1126
655 1128
680 1129
698 1132
673 1133
672 1143
1043 1503
1031 1505
1355 1832
63 68
27
96 157
317 491
315 502
310 506
699 906
678 913
700 914
691 920
683 921
701 937
710 939
687 943
697 947
708 956
698 962
706 967
1046 1258
1031 1262
1061 1271
1068 1272
1056 1281
1063 1287
1049 1291
1060 1297
1359 1629
1362 1635
1366 1639
63 69
28
328 505
327 510
333 514
325 516
329 520
323 522
315 525
653 914
674 924
655 933
691 953
751 957
720 965
729 969
710 976
722 980
685 981
715 985
708 988
706 1005
1046 1321
1061 1342
1073 1343
1067 1351
1063 1354
1377 1656
1362 1658
1366 1663
63 70
67
96 136
251 386
252 392
261 399
271 400
274 402
281 411
295 444
302 461
307 467
311 474
310 479
327 486
323 488
329 491
333 492
339 493
510 744
632 883
634 885
631 887
655 892
667 905
679 912
680 933
691 945
699 949
687 951
701 966
697 968
698 976
707 977
710 981
736 982
708 984
719 985
715 987
706 989
722 992
729 993
726 994
750 1013
982 1284
1031 1344
1026 1345
1052 1363
1062 1374
1063 1384
1067 1387
1060 1388
1073 1390
1084 1393
1265 1615
1290 1666
1298 1668
1355 1738
1361 1743
1357 1746
1362 1753
1366 1757
1370 1759
1367 1761
1501 1881
1540 1932
1582 1977
1678 2108
1803 2226
63 71
39
232 28
260 53
294 69
321 106
332 115
489 528
641 530
959 608
1042 740
741 805
1160 901
980 1051
1393 1147
1431 1187
1450 1195
1364 1210
1370 1212
1396 1214
1300 1312
1568 1376
1570 1377
1587 1404
1472 1471
1675 1521
1532 1527
1538 1530
1721 1565
1730 1572
1742 1580
1699 1604
1702 1605
1752 1611
1683 1649
1718 1687
1786 1745
1881 1771
1855 1805
1871 1806
1861 1811
63 72
13
313 349
328 358
333 367
329 368
707 773
736 774
720 777
719 781
726 787
706 790
982 1070
1298 1395
1357 1447
63 73
39
980 407
674 483
697 542
736 547
719 552
729 555
706 559
982 772
1032 809
1046 823
1043 828
1052 835
1050 837
1068 856
1060 860
1084 862
1228 977
1298 1091
1355 1153
1361 1163
1359 1165
1357 1166
1362 1169
1366 1171
1370 1173
1377 1174
1367 1176
1517 1313
1538 1320
1532 1321
1540 1324
1571 1362
1653 1421
1668 1476
1678 1490
1786 1566
1802 1601
1803 1605
1866 1667
63 75
16
339 241
295 287
321 353
332 356
729 741
720 748
736 755
700 768
691 776
674 831
628 856
1084 1274
1062 1299
1059 1326
1071 1339
1064 1348
63 81
13
317 532
327 535
325 536
333 540
329 544
726 1014
715 1017
722 1019
706 1027
1061 1383
1067 1393
1073 1394
1377 1783
63 83
43
329 245
333 246
339 247
325 253
328 257
317 258
295 300
768 753
744 773
745 794
726 799
722 800
729 803
715 804
719 809
710 811
720 812
736 818
697 821
700 836
699 839
691 842
672 869
673 872
678 874
655 915
631 933
628 946
1084 1407
1082 1412
1073 1413
1067 1415
1063 1417
1070 1418
1061 1424
1062 1434
1046 1459
1031 1487
1377 1833
1370 1837
1366 1839
1359 1849
1588 2194
64 70
13
11 129
144 486
173 498
583 955
576 964
554 982
552 997
1121 1494
1225 1745
1119 1759
1214 1766
1208 1768
1211 1777
64 71
12
7 111
487 769
481 778
534 782
524 794
909 1128
926 1147
935 1157
1203 1396
1211 1409
1499 1564
1500 1572
64 74
30
173 427
157 430
226 549
212 551
121 581
178 583
196 584
167 585
192 590
174 595
545 985
498 1031
508 1050
477 1056
618 1058
612 1088
509 1089
596 1096
586 1126
579 1127
551 1128
536 1129
497 1132
526 1135
572 1136
546 1138
888 1589
960 1605
917 1615
1201 1963
64 75
47
7 3
191 216
185 232
173 234
157 241
144 244
130 277
231 353
174 397
571 714
532 715
593 718
533 728
523 729
489 730
552 739
495 746
496 752
466 785
583 793
454 795
498 813
606 824
579 883
935 1254
939 1258
948 1259
926 1261
907 1268
919 1274
921 1284
920 1326
957 1339
960 1348
1082 1596
1121 1602
1123 1604
1195 1642
1203 1649
1207 1661
1175 1888
1389 2000
1378 2008
1496 2038
1659 2248
1749 2447
1864 2602
64 81
20
7 536
110 920
111 957
130 969
135 1006
123 1016
380 1257
461 1335
482 1338
464 1356
484 1359
452 1382
475 1384
495 1390
495 1393
481 1397
899 1752
900 1758
893 1766
895 1773
64 83
32
7 253
20 367
174 403
325 624
71 670
377 844
159 964
560 1391
552 1412
495 1415
481 1417
548 1427
482 1477
437 1479
461 1487
447 1491
852 1778
1121 1834
1119 1837
895 1845
900 1857
1385 2111
1580 2192
1167 2229
1745 2415
1513 2425
1749 2627
1451 2636
1834 2642
1853 2695
1846 2703
1913 2790
65 66
127
9 23
13 33
12 34
41 65
67 68
63 70
239 341
245 345
247 346
242 348
255 359
248 362
266 373
259 374
271 380
338 383
278 389
310 397
304 398
276 407
400 428
328 430
375 431
394 434
370 435
383 438
367 443
396 457
376 459
337 460
385 466
363 470
378 476
354 478
407 482
387 483
373 489
371 494
799 807
825 831
830 835
823 838
824 842
833 847
837 850
834 855
838 863
843 865
854 868
873 877
865 878
861 882
875 887
891 890
883 893
867 895
879 897
894 900
892 904
888 905
957 910
924 915
906 917
950 922
904 923
941 925
916 926
954 930
937 931
935 934
958 937
963 945
948 946
929 956
968 960
959 961
933 964
947 969
944 979
951 994
1279 1248
1289 1260
1402 1316
1403 1322
1404 1326
1410 1335
1420 1340
1424 1346
1421 1347
1432 1351
1429 1352
1430 1356
1443 1383
1462 1386
1487 1388
1602 1531
1630 1540
1647 1551
1709 1563
1760 1625
1953 1792
1971 1811
2056 1821
2064 1842
2068 1848
2204 1965
2234 1973
2205 1974
2240 1976
2226 1980
2248 1992
2246 1994
2247 1995
2252 1998
2251 1999
2264 2007
2278 2030
2454 2127
2386 2137
2412 2142
2429 2150
2463 2162
2471 2183
2526 2242
2536 2251
2551 2254
2553 2256
65 67
53
9 217
67 222
46 227
383 516
243 519
311 543
396 544
241 548
292 549
362 552
407 565
385 566
387 592
363 597
328 598
371 617
225 720
957 1044
954 1073
869 1079
966 1080
958 1088
937 1094
963 1097
924 1100
873 1102
968 1106
930 1107
948 1112
972 1124
861 1133
919 1136
947 1142
944 1163
1242 1239
1444 1490
1432 1505
1446 1514
1647 1573
1760 1827
2068 1923
2235 2107
2226 2108
2252 2122
2247 2123
2408 2294
2440 2311
2460 2321
2459 2339
2537 2394
2534 2403
2536 2404
2610 2476
65 74
82
9 18
58 120
67 130
238 427
243 430
245 434
241 435
251 441
265 456
266 457
277 469
278 472
288 480
292 485
297 488
310 500
311 501
338 528
352 549
370 570
375 574
379 578
382 580
383 583
390 584
384 585
394 590
395 595
396 596
400 597
409 606
421 615
424 617
428 618
444 629
818 982
823 990
833 995
837 998
847 1008
857 1014
858 1016
861 1020
865 1023
869 1027
873 1031
878 1035
883 1045
887 1049
891 1050
894 1056
907 1064
924 1089
941 1110
935 1111
940 1113
947 1122
950 1123
957 1126
953 1127
954 1128
958 1129
963 1135
966 1138
975 1148
982 1157
987 1158
993 1163
997 1165
1002 1169
1415 1572
1423 1578
1458 1625
1467 1635
1764 1945
2045 2292
2087 2357
2171 2460
2393 2721
2463 2789
2548 2885
2621 2973
65 75
57
247 248
266 277
278 300
283 305
304 329
310 331
315 338
313 340
338 348
328 349
346 353
350 361
357 368
363 376
375 379
368 382
390 386
383 387
376 388
378 389
384 391
394 392
395 397
396 398
414 402
421 405
861 802
867 812
887 829
891 831
894 836
892 838
904 845
906 847
929 864
933 876
943 882
953 883
944 885
954 886
948 887
947 888
958 889
959 892
966 894
963 895
975 897
972 899
1429 1334
1432 1340
1439 1350
1448 1359
1452 1361
1458 1371
1467 1377
1760 1706
2092 2052
66 67
96
23 217
68 222
416 492
451 494
428 497
434 506
429 508
438 516
21 519
444 552
348 559
482 565
466 566
405 568
47 579
409 584
476 585
463 590
483 592
414 596
470 597
430 598
417 603
480 645
736 681
910 1044
922 1064
972 1067
930 1073
940 1080
937 1088
978 1093
931 1094
890 1095
945 1097
915 1100
934 1103
960 1106
932 1107
971 1108
946 1112
914 1115
939 1121
974 1124
961 1125
900 1128
969 1142
926 1145
917 1150
923 1158
979 1163
919 1182
1262 1262
1259 1268
1279 1287
1360 1470
1344 1484
1370 1490
1379 1494
1389 1512
1535 1546
1540 1552
1539 1555
1544 1570
1551 1573
1559 1576
1558 1586
1565 1594
1569 1597
1777 1861
1790 1863
1789 1866
1826 1904
1838 1907
1825 1908
1828 1909
1848 1923
1844 1924
1875 2041
1950 2061
1949 2063
1979 2101
1992 2103
1982 2107
1980 2108
1985 2112
1994 2118
1998 2122
1995 2123
2138 2206
2132 2275
2139 2295
2164 2327
2242 2389
2245 2399
2251 2404
66 68
14
476 446
494 483
931 852
932 870
1541 1218
1790 1500
1992 1757
1981 1772
1982 1779
1980 1796
1977 1814
2158 2047
2168 2053
2251 2154
66 74
23
66 129
68 130
394 501
455 559
435 570
431 574
459 579
476 581
438 583
466 588
457 596
428 597
482 608
488 617
932 1102
930 1128
961 1132
976 1133
945 1135
940 1138
1370 1611
1992 2549
2162 2789
66 75
20
389 300
397 331
405 338
409 341
470 376
459 388
466 393
482 404
68 408
895 812
900 836
905 837
923 845
961 892
986 903
1003 913
1352 1334
1351 1340
1386 1376
1980 2168
67 68
108
202 148
222 149
497 397
506 401
705 403
516 411
533 417
544 422
557 423
552 431
565 432
585 446
592 449
582 450
597 463
600 464
617 483
534 488
607 498
559 502
583 504
1236 772
1239 775
1242 780
1244 782
1252 785
1250 815
1268 826
1073 838
1080 840
1108 848
1094 852
1124 865
1112 866
1125 869
1107 870
1130 878
1142 880
1095 881
1109 897
1157 901
1119 904
1163 907
1128 908
1114 913
1150 917
1158 925
1175 928
1117 932
1156 933
1101 945
1161 946
1550 1173
1573 1196
1586 1214
1594 1234
1484 1235
1514 1247
1469 1252
1519 1255
1516 1259
1505 1262
1862 1487
1863 1500
1868 1508
1861 1509
1896 1558
1934 1563
1923 1575
1920 1577
1900 1584
1827 1590
1914 1600
1832 1614
1838 1641
1937 1646
2063 1733
2071 1737
2069 1738
2075 1740
2064 1742
2080 1750
2077 1751
2082 1767
2107 1779
2087 1786
2118 1793
2108 1796
2112 1800
2040 1804
2113 1808
2110 1811
2105 1820
2121 1825
2038 1827
2127 1828
2039 1832
2295 1990
2296 2003
2305 2030
2309 2036
2323 2047
2308 2054
2389 2119
2392 2122
2391 2135
2404 2154
2474 2231
67 69
45
222 175
497 416
533 436
544 437
566 448
597 467
617 479
607 497
221 512
217 516
1239 744
1073 866
1124 880
1112 886
1130 897
1163 916
1114 943
1161 948
1582 1201
1570 1209
1516 1311
1515 1347
1920 1511
1868 1516
1927 1528
1937 1530
1861 1532
1896 1539
1914 1543
1900 1552
2128 1726
2083 1738
2061 1739
2080 1744
2071 1747
2069 1752
2068 1757
2063 1758
2108 1765
2064 1766
2082 1777
2105 1783
2087 1786
2295 1939
2330 1960
67 70
33
549 424
572 431
569 444
561 449
567 461
542 463
573 466
563 474
1150 885
1158 887
1119 898
1122 905
1149 907
1114 915
1129 933
1110 934
1117 940
1126 951
1096 956
1118 968
1101 987
1505 1344
1495 1356
1523 1357
1503 1358
1491 1363
1498 1365
1507 1371
2128 1498
2103 1512
1837 1741
1838 1746
1830 1757
67 74
18
222 130
541 480
516 583
544 596
538 618
1121 1105
1073 1128
1125 1132
1097 1135
1080 1138
1093 1163
2064 2460
2083 2509
2315 2750
2390 2861
2389 2866
2400 2892
2409 2897
67 75
32
217 3
569 287
549 317
543 332
582 368
552 371
597 376
604 385
566 393
592 395
497 396
557 406
1117 778
1129 785
1110 789
1159 790
1133 802
1095 831
1158 845
1138 869
1130 882
1073 886
1125 892
1151 893
1124 899
1503 1314
1495 1320
1505 1340
1512 1373
1489 1377
1833 1671
2082 2133
67 83
20
217 253
569 300
609 315
218 316
598 366
597 387
733 618
1129 856
1159 861
1114 874
1182 892
1122 895
1128 915
1150 932
1158 933
1138 960
1151 988
733 1245
1505 1487
1514 1518
68 69
210
349 125
147 174
149 175
158 188
365 337
397 416
404 427
411 430
415 435
422 437
419 439
433 445
450 462
463 467
467 468
472 472
447 477
483 479
468 486
475 488
484 490
498 497
489 498
478 505
495 507
499 511
491 513
157 519
496 522
520 527
506 529
525 542
786 727
768 739
879 740
775 744
772 746
826 756
840 864
844 875
866 886
869 888
870 894
867 895
878 897
888 907
901 913
907 916
896 919
881 924
897 931
908 933
904 937
900 938
918 939
925 941
933 942
913 943
946 948
921 949
934 952
920 953
938 958
937 968
943 971
939 976
947 978
952 979
958 981
945 985
974 989
976 991
964 993
962 994
979 997
982 1007
985 1010
984 1013
990 1016
994 1023
1149 1159
1234 1169
1158 1170
1204 1171
1160 1173
1159 1174
1214 1178
1196 1185
1167 1186
1201 1190
1202 1192
1173 1193
1218 1215
1222 1286
1223 1291
1246 1304
1235 1307
1259 1311
1251 1314
1262 1316
1268 1318
1273 1320
1258 1321
1263 1325
1282 1327
1274 1330
1279 1334
1292 1338
1276 1339
1289 1344
1294 1347
1281 1348
1291 1350
1278 1351
1287 1354
1302 1355
1303 1356
1301 1358
1304 1360
1288 1364
1309 1369
1308 1370
1310 1372
1664 1474
1520 1485
1518 1506
1504 1510
1577 1511
1586 1512
1552 1514
1508 1516
1561 1517
1554 1519
1568 1520
1541 1524
1619 1526
1509 1532
1555 1534
1522 1538
1558 1539
1579 1554
1540 1563
1616 1564
1569 1567
1570 1573
1470 1581
1614 1641
1624 1643
1627 1644
1638 1647
1634 1650
1629 1655
1635 1658
1643 1659
1630 1660
1641 1661
1639 1663
1656 1664
1661 1676
1731 1717
1764 1720
1730 1721
1782 1726
1762 1730
1720 1733
1758 1734
1719 1735
1746 1737
1783 1742
1750 1744
1737 1747
1728 1748
1738 1752
1779 1754
1776 1756
1733 1758
1800 1763
1796 1765
1742 1766
1748 1767
1808 1770
1774 1771
1765 1772
1789 1774
1775 1782
1786 1786
1787 1787
1716 1798
1831 1830
1838 1837
1834 1840
2009 1920
2017 1926
2007 1930
1996 1935
1990 1939
2034 1948
2024 1950
2047 1953
2066 1960
2036 1968
2058 1970
2134 2047
2122 2051
2132 2053
2119 2057
2147 2074
2120 2083
2121 2086
2219 2139
68 70
14
158 139
495 461
506 479
491 482
920 945
914 956
952 959
937 966
947 968
962 976
939 981
942 992
1287 1384
1748 1930
68 81
32
484 452
520 482
525 492
157 521
852 871
917 908
925 910
933 923
946 927
900 936
979 949
913 952
938 965
937 994
1167 1251
1262 1335
1258 1353
1279 1355
1302 1360
1294 1369
1301 1371
1554 1579
1518 1599
1509 1654
1582 1658
1638 1745
1643 1762
1641 1768
1748 1926
1742 1928
2036 2100
2003 2108
68 83
34
502 249
506 259
495 276
480 302
484 366
947 821
937 823
952 829
914 836
943 837
938 856
921 857
944 869
934 872
913 874
900 886
904 902
908 915
918 918
917 932
925 933
1281 1426
1296 1428
1276 1438
1294 1451
1283 1452
1274 1455
1258 1459
1292 1479
1262 1487
1247 1518
1629 1849
1618 1857
1643 1864
69 70
14
519 136
529 479
513 482
514 492
935 885
968 966
980 992
974 994
986 1021
1337 1393
1368 1419
1726 1498
1918 1852
1767 1930
69 71
14
514 122
939 298
960 336
968 352
988 360
1342 773
1354 778
1645 1110
1666 1113
1658 1115
1663 1121
1668 1122
1767 1527
2074 1637
69 81
131
189 154
345 306
328 314
416 411
421 418
435 420
490 452
497 464
537 481
527 482
535 485
500 489
526 491
542 492
507 511
519 521
505 528
510 535
516 536
514 540
525 542
522 543
520 544
756 736
744 766
864 855
873 856
872 860
866 861
863 864
897 874
935 908
941 910
939 920
942 923
937 924
948 927
938 936
962 939
973 945
970 950
954 951
943 952
1003 954
1000 956
959 960
949 962
1010 963
958 965
944 966
953 969
1014 974
989 977
971 984
1019 988
981 993
968 994
978 997
976 1006
994 1007
988 1016
985 1017
980 1019
986 1050
1185 1205
1173 1243
1186 1251
1258 1292
1273 1297
1291 1319
1318 1328
1307 1332
1316 1335
1314 1338
1320 1339
1327 1343
1322 1348
1338 1349
1321 1353
1334 1355
1330 1356
1325 1359
1355 1360
1328 1364
1349 1368
1344 1370
1358 1371
1370 1380
1350 1382
1342 1383
1348 1384
1346 1390
1354 1397
1345 1415
1368 1443
1475 1530
1506 1599
1522 1644
1573 1650
1532 1654
1578 1658
1635 1737
1647 1745
1643 1750
1665 1751
1641 1752
1645 1758
1659 1762
1655 1766
1661 1768
1658 1773
1666 1776
1663 1780
1660 1782
1656 1783
1668 1791
1731 1886
1740 1893
1752 1909
1758 1925
1767 1926
1766 1928
1830 1961
1840 1977
1841 1986
1857 2002
1926 2055
1930 2072
2025 2172
2068 2226
2059 2230
69 83
48
186 63
525 249
516 253
505 257
507 276
500 300
485 365
490 366
448 404
980 800
985 804
976 811
965 812
994 815
978 821
968 823
979 829
981 833
951 836
971 837
944 839
953 842
958 856
949 857
959 869
943 874
938 886
937 902
933 915
942 916
939 918
935 932
941 933
919 946
895 950
1354 1417
1342 1424
1348 1426
1325 1445
1330 1455
1321 1459
1322 1473
1316 1487
1318 1491
1655 1849
1650 1876
1918 2636
2051 2705
70 71
17
449 81
476 114
425 380
437 383
498 394
1021 833
1380 1135
1759 1212
1657 1286
1930 1527
1931 1530
1967 1563
1983 1577
2074 1636
2108 1646
2139 1716
2195 1745
70 72
46
420 38
136 60
139 61
141 62
408 290
424 304
473 349
474 352
479 357
484 358
486 362
485 364
488 365
493 366
492 367
491 368
516 380
912 724
907 727
934 738
951 760
954 763
968 771
977 773
976 776
981 779
985 781
993 785
992 786
994 787
997 788
989 790
999 792
1021 809
1357 1127
1379 1139
1376 1140
1384 1147
1387 1148
1390 1149
1388 1151
1393 1153
1419 1174
1761 1461
1764 1462
1766 1464
70 73
145
185 58
615 273
663 353
727 375
744 386
750 388
764 401
902 477
892 479
897 484
912 492
906 500
933 516
965 525
972 533
968 542
976 548
985 552
992 557
997 560
1168 672
1173 682
1176 690
1177 696
1185 712
1191 717
1229 738
1246 744
1253 745
1277 763
1283 766
1284 772
1314 790
1343 809
1348 814
1361 824
1357 831
1365 837
1377 843
1387 855
1390 858
1388 860
1393 862
1491 941
1498 949
1501 952
1511 976
1514 977
1524 1005
1526 1013
1530 1014
1534 1016
1538 1018
1555 1023
1563 1025
1636 1033
1585 1036
1598 1040
1603 1042
1624 1053
1630 1067
1643 1069
1641 1074
1650 1076
1644 1079
1667 1086
1668 1091
1729 1139
1732 1144
1738 1153
1744 1154
1742 1156
1745 1157
1751 1159
1740 1160
1741 1162
1743 1163
1747 1165
1746 1166
1754 1167
1753 1169
1758 1170
1756 1172
1759 1173
1762 1174
1761 1176
1764 1177
1766 1178
1783 1194
1853 1239
1855 1243
1862 1259
1870 1265
1874 1271
1873 1274
1881 1275
1888 1280
1902 1290
1901 1291
1909 1298
1911 1302
1918 1308
1920 1310
1916 1311
1922 1316
1931 1320
1930 1321
1929 1323
1932 1324
1968 1356
1970 1359
1971 1361
1973 1362
1974 1363
1975 1364
1977 1369
1980 1371
2024 1409
2025 1410
2027 1411
2030 1418
2039 1427
2050 1438
2048 1440
2063 1445
2074 1454
2092 1472
2093 1481
2108 1490
2158 1521
2161 1529
2164 1531
2203 1574
2205 1575
2210 1581
2208 1582
2212 1586
2216 1590
2225 1601
2226 1605
2247 1625
2248 1629
2273 1650
2285 1667
2306 1706
70 75
50
141 3
498 234
493 241
474 256
473 258
463 271
449 280
444 287
431 300
424 317
411 329
408 331
392 349
999 732
997 739
993 741
982 755
962 767
956 768
949 774
953 775
945 776
940 778
933 785
934 789
955 793
965 796
915 806
923 807
912 813
905 820
897 829
887 845
1396 1273
1393 1274
1390 1277
1384 1279
1374 1299
1363 1306
1356 1320
1372 1321
1361 1326
1344 1340
1766 1648
1764 1649
1758 1661
1747 1671
1743 1678
1738 1692
1968 2038
70 81
26
388 418
421 443
429 480
136 521
140 531
486 535
141 536
492 540
491 544
892 918
993 1010
1021 1050
1284 1251
1348 1332
1390 1394
1516 1534
1514 1545
1513 1558
1630 1638
1668 1654
1931 1925
1930 1926
1932 1928
2039 2055
2048 2071
2019 2176
70 83
32
139 28
136 30
491 245
492 246
493 247
488 248
484 257
479 259
474 265
467 270
461 276
449 287
444 300
411 339
992 800
993 803
987 804
981 811
949 839
945 842
905 895
1390 1413
1384 1417
1379 1426
1371 1433
1344 1487
1776 1800
1766 1829
1759 1837
1758 1843
1747 1849
1741 1860
71 83
13
111 253
349 815
531 822
330 856
298 918
280 933
749 1438
1214 1811
1128 1833
1052 2043
1051 2051
1313 2308
1253 2368
72 73
40
290 169
364 220
599 386
724 492
735 500
731 501
745 503
760 531
774 547
776 548
781 552
783 553
784 554
785 555
788 560
794 563
1070 772
1122 828
1127 831
1143 853
1148 855
1149 858
1151 860
1153 862
1155 863
1395 1091
1447 1166
1452 1170
1458 1174
1461 1176
1464 1178
1558 1276
1595 1321
1600 1324
1698 1442
1701 1448
1831 1579
1845 1605
1887 1659
1900 1674
72 75
21
62 3
367 238
366 241
365 242
362 244
359 247
349 258
304 317
290 331
794 731
792 732
787 737
788 739
785 741
781 745
777 748
731 802
1153 1274
1149 1277
1143 1284
1462 1649
72 83
15
368 245
367 246
364 249
62 253
358 257
359 258
352 265
802 766
791 795
787 799
784 804
783 805
776 815
1141 1424
1628 2196
73 75
19
182 305
181 306
532 768
523 778
512 789
501 802
499 806
483 831
862 1274
853 1284
823 1320
824 1326
814 1337
813 1340
1177 1649
1170 1661
1165 1671
1153 1692
1356 2038
73 81
29
483 917
492 936
937 1068
763 1243
766 1247
772 1251
814 1332
855 1393
888 1443
979 1560
1023 1584
1018 1591
1046 1621
1077 1633
1086 1651
1085 1652
1091 1654
1171 1780
1232 1814
1314 1908
1320 1925
1321 1926
1324 1928
1442 2046
1566 2190
1578 2202
1605 2235
1659 2292
1667 2306
73 83
13
137 484
557 800
542 821
516 856
501 872
850 1426
823 1459
813 1487
1192 1800
1179 1824
1175 1834
1165 1849
1162 1860
74 75
101
430 241
21 247
613 321
510 341
528 348
574 379
580 381
572 382
578 384
579 388
595 397
606 401
612 402
615 405
130 408
619 413
940 666
1042 722
986 731
1026 796
1051 824
1050 831
1089 858
1127 883
1123 884
1128 886
1129 889
1138 894
1162 905
1168 911
1382 1112
1385 1118
1419 1140
1519 1202
1583 1263
1574 1311
1588 1337
1605 1348
1625 1371
1783 1519
1813 1537
1828 1544
1840 1553
1891 1593
1590 1604
1947 1707
2206 1897
2235 1917
2239 1920
2308 1966
2320 1980
2326 1993
2331 1999
2336 2003
2359 2022
2460 2119
2464 2122
2467 2128
2468 2129
2472 2132
2483 2140
2487 2142
2504 2156
2508 2159
2509 2161
2526 2176
2527 2177
2546 2204
2549 2206
2558 2214
2718 2361
2722 2368
2724 2370
2726 2372
2727 2373
2730 2374
2749 2387
2764 2405
2772 2411
2778 2417
2782 2420
2783 2423
2789 2428
2788 2429
2797 2441
2796 2442
2798 2444
2803 2446
2807 2450
2808 2451
2866 2497
2868 2499
2870 2500
2876 2508
2878 2511
2885 2517
2888 2519
2891 2522
2892 2523
2893 2524
2894 2525
74 83
21
38 307
130 420
411 763
433 802
465 857
979 1397
1615 1514
1559 1830
1569 1857
2206 2055
1923 2209
2464 2310
2508 2349
2526 2365
2549 2391
2736 2563
2782 2604
2863 2687
2866 2688
2876 2700
2885 2708
75 82
11
884 166
883 168
886 169
889 170
895 174
897 178
1363 466
1371 467
1368 470
1375 473
2447 1463
75 83
143
21 39
34 52
234 242
241 247
3 253
287 300
290 302
354 361
352 364
358 371
362 380
381 388
378 389
379 390
384 391
382 392
380 393
387 394
392 397
396 398
391 399
388 400
397 403
393 404
401 406
405 415
409 418
408 420
417 423
425 433
429 435
741 803
755 818
769 834
785 856
820 895
839 904
854 929
858 950
877 956
874 963
876 966
881 967
883 968
884 970
886 973
887 976
896 979
889 980
892 985
897 986
895 987
893 988
902 993
899 996
915 1008
921 1016
1113 1213
1189 1280
1228 1325
1310 1451
1321 1454
1348 1494
1357 1505
1355 1513
1368 1520
1369 1524
1371 1527
1375 1529
1385 1540
1516 1654
1537 1677
1553 1694
1256 1761
1324 1763
1259 1809
1602 1834
1688 1855
1697 1870
1698 1871
1706 1893
1716 1908
1887 2046
1897 2055
1915 2069
1920 2076
1929 2090
1935 2093
1941 2101
1953 2112
1957 2116
1971 2128
2033 2221
2038 2224
2043 2225
2055 2239
2056 2241
2119 2308
2122 2310
2129 2313
2131 2316
2132 2317
2133 2318
2140 2327
2146 2333
2151 2341
2177 2364
2176 2365
2182 2367
2202 2387
2207 2390
2206 2391
2214 2397
2035 2408
2361 2546
2368 2552
2367 2553
2372 2555
2374 2557
2375 2559
2378 2563
2383 2571
2391 2578
2405 2591
2420 2604
2417 2605
2428 2610
2441 2625
2442 2626
2444 2629
2496 2687
2497 2688
2499 2691
2500 2692
2505 2697
2511 2702
2516 2705
2517 2708
2519 2709
2521 2712
2522 2713
2525 2717
2583 2773
81 83
61
544 245
540 246
537 247
543 248
542 249
536 253
528 257
609 271
511 276
498 287
489 300
1014 799
1019 800
1010 803
1017 804
1006 811
1007 815
981 822
994 823
978 836
984 837
966 839
969 842
972 844
965 856
962 857
960 869
952 874
937 881
936 886
931 895
924 902
918 915
920 918
871 964
1407 1404
1394 1413
1393 1415
1383 1424
1384 1426
1374 1432
1361 1434
1363 1438
1359 1445
1356 1455
1353 1459
1355 1467
1345 1471
1348 1473
1338 1477
1335 1487
1319 1504
1312 1513
1783 1833
1782 1837
1773 1845
1766 1849
1758 1857
1759 1860
1752 1872
2002 2403
